0.8254570439397589               0.016274522551730737               0.822543455459558               0.017421426129175233               0.0029135884802008573               0.001277448279652766               0.17454295606024117               0.01627452255173073               
0.9517943436521333               0.0026600658842527436               0.9504878238918154               0.0031209955831934645               0.0013065197603179812               0.0005866442092451365               0.04820565634786671               0.002660065884252748               
0.920790579209345               0.036591866903472596               0.9133163914009644               0.041818404545321555               0.007474187808380539               0.005375806945044505               0.07920942079065497               0.03659186690347262               
0.9463302798852343               0.010342317363285856               0.9375062052209445               0.012366401309628778               0.008824074664289961               0.0024054351921973614               0.053669720114765604               0.01034231736328585               
0.9384003270620148               0.013668020225364678               0.9342788797022141               0.015537864720214381               0.004121447359800734               0.001918393717889716               0.061599672937985184               0.01366802022536468               
0.8691892806750975               0.04186072055054704               0.8547047771914291               0.053131253754724966               0.014484503483668221               0.011752995448046425               0.13081071932490262               0.04186072055054702               
0.8592472074189088               0.02371198229225793               0.8570381987252096               0.02481304365350522               0.0022090086936991217               0.0012043538292940048               0.14075279258109116               0.02371198229225795               
0.9299736682399914               7.192290888814284e-05               0.9299616209637511               7.292835211142044e-05               1.2047276240234605e-05               3.72188368288852e-06               0.0700263317600087               7.192290888812278e-05               
0.9624689752553621               7.984418939337166e-05               0.9624632270114482               8.048178878069087e-05               5.748243913894502e-06               1.6251034540970773e-06               0.03753102474463782               7.984418939336434e-05               
0.9753536087666674               9.175690262260019e-05               0.9753167300860847               8.977218110186935e-05               3.687868058289689e-05               9.493455912055152e-06               0.02464639123333249               9.175690262260523e-05               
0.9716662003508922               0.007631543368943726               0.9710104086084554               0.008050614969932774               0.0006557917424367843               0.0005266203398039772               0.02833379964910778               0.007631543368943735               
0.9618329279930136               0.006525112805357299               0.9586093164318796               0.00778377521330297               0.0032236115611340545               0.0014688193821005937               0.0381670720069864               0.00652511280535729               
0.9697499118033936               0.0007691260515293146               0.9690930609944501               0.0006886678394447046               0.0006568508089433101               0.0001402906802218365               0.030250088196606413               0.0007691260515293136               
0.9540278605107322               0.007380098490126009               0.9517364211292278               0.007769691384120496               0.002291439381504523               0.0005429009188494932               0.045972139489267656               0.007380098490126007               
0.9235762056197464               0.018219065716310167               0.916927370731738               0.02046137083763881               0.006648834888008303               0.0033170536948887034               0.07642379438025365               0.018219065716310174               
0.8664093442607438               0.024541095037307278               0.8496693714222904               0.025528285040678302               0.01673997283845351               0.0029847929726431873               0.13359065573925616               0.024541095037307278               
0.8405592682507967               0.02135531994254479               0.8158115521039285               0.021976396976899223               0.024747716146868225               0.006086383119411737               0.1594407317492032               0.021355319942544783               
0.7098623033173544               0.05152701056875851               0.6473555758156367               0.05653615406209878               0.06250672750171768               0.02052032488393032               0.29013769668264555               0.051527010568758504               
0.5481052749977662               0.03922454027076089               0.3894198346174268               0.06836646658051783               0.15868544038033947               0.04900111459383763               0.45189472500223377               0.039224540270760895               
0.286124467568006               0.045616126388150956               0.14586162883825524               0.026410724055357628               0.14026283872975082               0.046220624640222245               0.713875532431994               0.04561612638815096               
0.269929777800925               0.014189701260431268               0.1639871077471891               0.027620525832793213               0.10594267005373585               0.028211583553006007               0.730070222199075               0.014189701260431271               
0.3719560790218382               0.041600710989649695               0.31624460256606485               0.05435091547435034               0.055711476455773366               0.028300611203912567               0.6280439209781619               0.041600710989649695               
0.5273591639944746               0.03455572477179733               0.49876477286203713               0.041517418450818855               0.028594391132437457               0.012385318228470972               0.47264083600552553               0.03455572477179729               
0.6089562422976689               0.03305489574859004               0.5849508771526958               0.037560944556634286               0.024005365144973135               0.00760336467812997               0.391043757702331               0.03305489574859004               
0.6740955601954876               0.032110516693387076               0.6482394650238785               0.03538725133031228               0.02585609517160914               0.006354171710463664               0.32590443980451245               0.03211051669338709               
0.6607530879049461               0.041312434168914836               0.6307098127854788               0.049089686868446995               0.030043275119467285               0.00931591172345078               0.33924691209505387               0.04131243416891484               
0.7106045962374073               0.026954181433627242               0.6779178365880895               0.04131634224583071               0.03268675964931796               0.020488748018693752               0.28939540376259265               0.026954181433627253               
0.6778962851467567               0.050144785413538596               0.6512807546292507               0.05478668021259503               0.02661553051750587               0.011553642798746135               0.32210371485324335               0.05014478541353858               
0.6966050023748178               0.04316267899262334               0.674127686386706               0.05054741976685234               0.022477315988111913               0.012274640731847303               0.30339499762518213               0.04316267899262335               
0.768123334568177               0.0249420609124216               0.7590610430856951               0.024018576201655224               0.00906229148248212               0.003503746947811479               0.23187666543182278               0.02494206091242158               
0.8390356059735249               0.024249771041943827               0.8346755245323225               0.025947130575912795               0.004360081441202368               0.002177174457486249               0.16096439402647525               0.024249771041943844               
0.9043592012221536               0.003125384471222938               0.9030109742749042               0.003513405108348032               0.0013482269472493314               0.0009370625819566492               0.09564079877784645               0.003125384471222931               
0.9212050400450821               0.011749920188885668               0.9204881213699622               0.011808189059479529               0.0007169186751198375               0.0004154990259287797               0.078794959954918               0.011749920188885689               
0.9580912502281942               0.0005491884057259798               0.9579347008757134               0.0005317375237980924               0.00015654935248098355               0.0001154332449120131               0.0419087497718057               0.0005491884057259768               
0.9713879890179292               0.00016159418932832397               0.971337062386614               0.00015936348017737913               5.092663131529562e-05               3.4469203133563855e-05               0.028612010982070713               0.00016159418932832533               
0.979532671695433               6.411324759630313e-05               0.9795174947806575               6.324622353176135e-05               1.5176914775405504e-05               9.78562370386479e-06               0.020467328304567073               6.411324759631029e-05               
0.984907821037878               3.2199179861501826e-05               0.9849039953903761               3.2201049608723365e-05               3.82564750205372e-06               2.344687207331194e-06               0.015092178962121972               3.2199179861530856e-05               
0.9885407856243459               1.7800522167010554e-05               0.9885400141560577               1.765886230406982e-05               7.714682884740753e-07               4.813615587985155e-07               0.011459214375653996               1.7800522167013705e-05               
0.9910846921724563               8.995419018160834e-06               0.9910846247727167               8.971647031928943e-06               6.739973925640186e-08               4.6565936682137266e-08               0.008915307827543868               8.995419018161119e-06               
0.9927975462076383               5.03674900242896e-06               0.9927974674765349               4.9997310601352485e-06               7.873110354772451e-08               8.108874462224498e-08               0.0072024537923616044               5.036749002411233e-06               
0.993903142454123               6.70963404639859e-06               0.9939029788783458               6.656539245982231e-06               1.635757774343105e-07               1.3370422350717422e-07               0.00609685754587686               6.709634046406449e-06               
