0.8630410100261395               0.003849347621957456               0.862690797364993               0.003846977603106423               0.00035021266114650953               6.997333658487948e-05               0.13695898997386038               0.003849347621957449               
0.9631730910201787               0.00013278989071577392               0.9631672594333551               0.00013541888851120742               5.831586823501489e-06               3.026064526570136e-06               0.03682690897982136               0.00013278989071577842               
0.9723402391063232               0.00030650459288664357               0.9723254499665377               0.0003077297390881401               1.478913978545382e-05               2.4916923128689244e-06               0.027659760893676825               0.0003065045928866379               
0.9638441102649449               0.006594628866733482               0.9630184518718744               0.007003237218779043               0.000825658393070472               0.0004314430583858805               0.03615588973505511               0.006594628866733496               
0.9399725022495854               0.005474718465144513               0.9291231971274918               0.00966970389698612               0.010849305122093523               0.005248034855155129               0.06002749775041456               0.005474718465144509               
0.8457731563858916               0.02453465027494291               0.8170039792435666               0.02901240583702588               0.028769177142324843               0.0077087915895683165               0.1542268436141085               0.024534650274942903               
0.7652588986910216               0.06937497493911733               0.5601010732414273               0.18583476657552378               0.2051578254495944               0.11921283086562476               0.23474110130897835               0.06937497493911732               
0.8857607745346687               0.039967208220513875               0.8672758608338034               0.04951746590975448               0.018484913700865257               0.010721909894694898               0.11423922546533131               0.03996720822051386               
0.8839946575673489               0.06369548697909586               0.8460027249839396               0.08784560623093084               0.03799193258340905               0.025265739437198106               0.1160053424326513               0.06369548697909584               
0.9719441884564393               0.0003303201758790204               0.9701806551053158               0.0005370373070451622               0.0017635333511233698               0.00039235837515530253               0.028055811543560755               0.0003303201758790202               
0.9744950205579496               0.0013418353320300567               0.9732372168154626               0.0014348736576748466               0.0012578037424870957               0.00034214420381926676               0.025504979442050452               0.0013418353320300608               
0.9533432742051413               0.008471014148357022               0.9422173141912851               0.011526229904142383               0.011125960013856295               0.003335444547604778               0.046656725794858585               0.008471014148357022               
0.9475728503355432               0.015820361516183115               0.9446990110056934               0.016900318913029032               0.0028738393298498254               0.001270446657035256               0.05242714966445684               0.015820361516183122               
0.9371145248566641               0.026449620289632908               0.9329548345773414               0.028610364436503416               0.004159690279322859               0.002656524455291271               0.06288547514333581               0.026449620289632894               
0.958274301007594               0.015618497819751151               0.9559108552647932               0.01706087904913527               0.0023634457428009293               0.0016854830206968598               0.04172569899240587               0.015618497819751154               
0.9720529599142905               0.0014362842624752081               0.9712991458719114               0.0013955623670692413               0.0007538140423792083               0.0002908878096857051               0.027947040085709383               0.0014362842624752147               
0.9542282301354007               0.011177176631259415               0.9531290833878268               0.011448383710063495               0.001099146747573776               0.0003869003924359945               0.045771769864599264               0.011177176631259406               
0.9391013106685511               0.01598761332421029               0.9367707476141443               0.017262588894286706               0.002330563054406931               0.0013535659502113121               0.060898689331448964               0.015987613324210278               
0.9307668314778528               0.0108123797927995               0.9292744995691974               0.0109504361820195               0.0014923319086553866               0.0005243462133123716               0.06923316852214725               0.010812379792799514               
0.8927265558545228               0.014588366931598866               0.8902789415085015               0.015398353445973104               0.002447614346021232               0.0012185541204809717               0.10727344414547721               0.01458836693159886               
0.8145956890849014               0.023599477416719892               0.8105001062231697               0.023649296211615965               0.004095582861731761               0.0010779174265348964               0.1854043109150985               0.023599477416719902               
0.6431565037942361               0.03148105396973513               0.6348048765889631               0.030742859681202675               0.008351627205272905               0.002135094899777545               0.3568434962057639               0.031481053969735114               
0.4378365174542987               0.030547169319712273               0.4258392017707743               0.03060479503813537               0.011997315683524423               0.006159453486473542               0.5621634825457014               0.030547169319712252               
0.7109589508640876               0.02098608628263204               0.7055665955888004               0.020941938844121995               0.0053923552752872415               0.001357205103595876               0.28904104913591244               0.020986086282632047               
0.8992336177499481               0.011309349076143687               0.8987187378378165               0.011389933725911742               0.0005148799121314163               0.00013011494802977526               0.10076638225005193               0.011309349076143694               
0.942321153961194               0.0009323450396824439               0.9422630346417419               0.0009412579967933931               5.8119319451999105e-05               2.2013684740886988e-05               0.057678846038806096               0.0009323450396824468               
0.9464482974336799               1.1888863282707518e-05               0.9464450220188487               1.1724017707983959e-05               3.2754148311164854e-06               1.6104443687762596e-06               0.05355170256632023               1.1888863282704349e-05               
0.9455536312831325               0.00044236512323453077               0.9455378300214988               0.00045097791815193206               1.5801261633474617e-05               8.975870428190494e-06               0.05444636871686748               0.0004423651232345206               
0.947073965034541               0.0018114918485830692               0.9470171009034942               0.0018487994238775424               5.686413104649679e-05               3.9713431744843555e-05               0.0529260349654592               0.0018114918485830711               
0.9510922243861085               0.003381800968913917               0.9509937914065396               0.0034623860390862096               9.843297956885211e-05               8.453318700730623e-05               0.04890777561389164               0.003381800968913925               
0.9594245628770774               0.0016825987072827914               0.9593532807341869               0.001703906788697073               7.12821428906496e-05               3.1302489675145985e-05               0.04057543712292244               0.0016825987072827963               
0.9659303226453057               0.0024483580100373545               0.9658390930534926               0.0025214153988868315               9.122959181301349e-05               8.065277996619435e-05               0.03406967735469441               0.0024483580100373623               
0.9701716344159663               0.0034711164783542852               0.9700656037104661               0.003484670287599375               0.00010603070550014859               6.51676538636034e-05               0.029828365584033695               0.003471116478354286               
0.9738938506770444               0.0029351970729592754               0.9737974591483637               0.0029417711324811807               9.639152868056167e-05               5.657482515623371e-05               0.026106149322955734               0.0029351970729592862               
0.9796546866374459               0.0007337024927078948               0.9795869338812919               0.0007302209319059396               6.775275615402698e-05               5.042348718790856e-05               0.020345313362554057               0.0007337024927078932               
0.9840327427654192               0.00016417323180727126               0.9839638969717382               0.00014110709309685365               6.884579368062748e-05               5.133053236917269e-05               0.015967257234580992               0.00016417323180726733               
0.986959482375996               2.8480903117595107e-05               0.9868945841189982               3.734148194837175e-05               6.489825699775852e-05               4.9693076847667004e-05               0.0130405176240041               2.8480903117592756e-05               
0.9892110160209893               2.010525492773758e-05               0.989145236259281               4.229694736393296e-05               6.577976170830668e-05               4.8997341556452946e-05               0.010788983979010652               2.0105254927726e-05               
0.9909897748875593               1.5320420831345183e-05               0.9909236718162753               4.268520502393301e-05               6.610307128389614e-05               4.8089555664962366e-05               0.0090102251124408               1.5320420831344113e-05               
0.9922970249017828               1.88944897947922e-05               0.9922305575141148               4.3515136311247906e-05               6.646738766797888e-05               4.7353852941456876e-05               0.007702975098217229               1.8894489794791753e-05               
0.9912025760351117               0.0010094234887522253               0.9911231369769323               0.000996801778876463               7.943905817942021e-05               4.773770383024043e-05               0.008797423964888145               0.0010094234887522275               
