0.8638948550225665               0.004251994631933016               0.8634081186746512               0.004308190523290907               0.000486736347915262               0.00015788365495323777               0.13610514497743348               0.004251994631933014               
0.9632624146047484               0.00012589518335728693               0.9632539700058963               0.0001271736787407807               8.444598852019869e-06               2.138493878264891e-06               0.03673758539525167               0.00012589518335730102               
0.9716576644928653               0.00054456047954684               0.9716188101436207               0.0005512180609887673               3.885434924464359e-05               9.806685688468265e-06               0.0283423355071347               0.0005445604795468368               
0.9656356866736949               0.0037931510814264114               0.9647157031649563               0.004108773708625129               0.0009199835087387199               0.0003369246959996449               0.03436431332630503               0.003793151081426404               
0.9310349190711029               0.011512609541270709               0.908898081295562               0.020050633313807478               0.02213683777554091               0.009741062234716609               0.06896508092889694               0.011512609541270695               
0.8313372414874765               0.026715763648079222               0.7908423319249078               0.034445151662071176               0.04049490956256868               0.010538936520829632               0.1686627585125234               0.026715763648079222               
0.7984057914128104               0.042557711430833804               0.6624144158316401               0.09076139367599433               0.1359913755811702               0.05070118271722741               0.20159420858718957               0.04255771143083382               
0.8757290181903956               0.031200936516907293               0.8366112848017405               0.047108486654457285               0.039117733388655165               0.021233004025093136               0.12427098180960441               0.031200936516907304               
0.8497784503806252               0.066056804873871               0.792200501897536               0.10758117765444947               0.057577948483089114               0.042864414775578924               0.15022154961937492               0.066056804873871               
0.9711543190875034               0.0006289642011658915               0.9654919998089664               0.0020539885051369606               0.005662319278536954               0.0021260535882767434               0.028845680912496657               0.0006289642011658771               
0.9726811009745002               0.001364450889626361               0.967535856372154               0.0027157011021110337               0.0051452446023463               0.00214822931513585               0.027318899025499766               0.0013644508896263887               
0.9408151989914699               0.02380073108348646               0.926882252567635               0.029899555418978447               0.013932946423834691               0.006272435757936107               0.05918480100853011               0.02380073108348646               
0.94010137941445               0.014769384336538897               0.9335872484958369               0.016637535394976206               0.006514130918613181               0.0026899538806751224               0.059898620585549955               0.014769384336538887               
0.8836154887030064               0.10217469597269727               0.8730736812345427               0.10888794514336367               0.010541807468463648               0.007073425608297753               0.11638451129699368               0.10217469597269728               
0.9550688741405601               0.022205753972615608               0.9499239566478849               0.026237479809549488               0.005144917492675383               0.004242984898169516               0.044931125859439855               0.022205753972615615               
0.9686332086293448               0.0024031413714709               0.9657299718807615               0.002288122115630918               0.002903236748583482               0.0007652996323583669               0.031366791370655164               0.0024031413714708846               
0.9096167048100476               0.028613515030558836               0.9006435426312178               0.03157756456756322               0.00897316217882974               0.004236821507850448               0.09038329518995239               0.028613515030558815               
0.8929938567512796               0.06048913767107214               0.8831329105471966               0.06597080921585256               0.009860946204082954               0.006349278481968148               0.1070061432487204               0.06048913767107211               
0.9064189046173885               0.01740021688307768               0.9004999302201091               0.017969342084937057               0.0059189743972792195               0.0013922950848461585               0.09358109538261158               0.01740021688307767               
0.8264829523473951               0.036736346190215124               0.8161251728787077               0.04018582605867754               0.010357779468687378               0.004479841569757515               0.17351704765260492               0.036736346190215145               
0.7593688165436933               0.03686381989258408               0.7461360303525384               0.04029842505048956               0.013232786191154911               0.005102673485274551               0.2406311834563067               0.036863819892584075               
0.6461123992320821               0.04312501894672741               0.6298191106731823               0.046016076433404295               0.016293288558899964               0.005215047746901714               0.3538876007679179               0.04312501894672741               
0.6041077105775748               0.067883528051746               0.5882398681039402               0.06995026047588397               0.01586784247363463               0.0032626315837763643               0.39589228942242516               0.06788352805174601               
0.7532621868948223               0.04273275310383969               0.7458117327975986               0.04238355385033418               0.007450454097223747               0.0021132785044267453               0.2467378131051777               0.0427327531038397               
0.8884193022465103               0.015594231388024835               0.8872749372948905               0.015963918436069095               0.0011443649516198694               0.0006190584516039799               0.11158069775348962               0.015594231388024828               
0.9389008883664729               0.002719212665325073               0.9386895213494121               0.002784118684800727               0.00021136701706064853               8.645219309093642e-05               0.06109911163352708               0.002719212665325075               
0.9464567107768241               2.5177137718109787e-05               0.946443287337121               2.6452898535496415e-05               1.342343970319737e-05               5.004805983636016e-06               0.05354328922317573               2.5177137718113697e-05               
0.9450888520548805               0.00038460002790535194               0.9450466559380614               0.00039776801866498               4.219611681930413e-05               3.188099286416043e-05               0.05491114794511946               0.0003846000279053551               
0.9413732448554464               0.004347111320730707               0.9409928010168528               0.004584014320546905               0.0003804438385937803               0.00024159706677205078               0.058626755144553455               0.004347111320730695               
0.9377486372078849               0.014721283144752424               0.936711691880214               0.015633750490776983               0.0010369453276710462               0.0010547535073944113               0.06225136279211507               0.01472128314475243               
0.9505630562035605               0.008089218361366866               0.9498100589611381               0.00853535394812415               0.0007529972424227815               0.0004809222858431475               0.04943694379643928               0.008089218361366862               
0.9593569551938899               0.008089643413559803               0.9586678206070399               0.008335544339461957               0.000689134586850193               0.00039500353323426366               0.040643044806109994               0.00808964341355981               
0.9482361528438101               0.02827146789321946               0.9470648007173459               0.028967086500507663               0.0011713521264643868               0.0008032880939517022               0.05176384715618978               0.028271467893219455               
0.9681291636204576               0.005936924959147484               0.9673482895457324               0.006174002428551193               0.0007808740747253462               0.0002902012297126465               0.0318708363795422               0.005936924959147472               
0.9763033274936284               0.002229201902520464               0.9758843533353929               0.0022208942353488404               0.00041897415823549666               0.00015351141300098083               0.02369667250637168               0.0022292019025204448               
0.9828048755694286               0.0007161672135663706               0.9823814592360653               0.0007022702168629608               0.00042341633336310245               0.0001927950640805779               0.01719512443057137               0.0007161672135663764               
0.9867063288549559               0.00014129231891374996               0.9863413450888363               0.00022652216570218266               0.0003649837661196531               0.00017805834894713007               0.013293671145044109               0.00014129231891373976               
0.9890766102031023               9.07621314547989e-05               0.9887160919373814               0.00018420893058188523               0.0003605182657209771               0.00016843820869169015               0.010923389796897602               9.076213145480795e-05               
0.9909037712878208               5.801699462204494e-05               0.9905455789928365               0.00016737421769922055               0.00035819229498432745               0.00016608027967974603               0.00909622871217929               5.801699462204391e-05               
0.9921981844815797               5.027786058416971e-05               0.9918380954132233               0.00015336255874040758               0.0003600890683563951               0.00016525572386165413               0.007801815518420333               5.027786058417454e-05               
0.9848389679362937               0.006438515244359651               0.9844433698556607               0.0064437405827759316               0.0003955980806329973               0.00018255868175765357               0.015161032063706368               0.006438515244359637               
