0.8309703848299543               0.03154752117028201               0.8278819971028162               0.03421990049442131               0.003088387727138131               0.0028039627706189793               0.1690296151700456               0.031547521170282               
0.8829073609601071               0.20853681869608562               0.8813593202244381               0.2101990933414797               0.0015480407356690817               0.0023335627969643708               0.11709263903989289               0.20853681869608565               
0.9304037031098567               0.09815078930537677               0.9233458161386373               0.11295532665631898               0.007057886971219396               0.014816541337866538               0.06959629689014334               0.09815078930537675               
0.9686361399820379               0.0026750502854591277               0.9677867000408039               0.003727449947683502               0.000849439941233976               0.0014411955459339117               0.031363860017962056               0.0026750502854591247               
0.9533548252842465               0.0061973464338958865               0.9530069878325328               0.006439169481648752               0.00034783745171353966               0.0004934020762108099               0.04664517471575359               0.006197346433895895               
0.9155698588906457               0.005532893709694157               0.9140781933040387               0.006780566665425036               0.0014916655866070827               0.0012668116954423208               0.0844301411093542               0.0055328937096941555               
0.8563387361755013               0.0897772401510333               0.852371378200963               0.0949010885613662               0.003967357974538388               0.005707089731614408               0.1436612638244987               0.08977724015103332               
0.9300015189784283               5.7423222995186345e-05               0.9300001992310651               5.5738417326458514e-05               1.3197473632931e-06               2.1046547288036035e-06               0.06999848102157162               5.7423222995179744e-05               
0.9625844252292138               5.72483979369773e-06               0.9625834176776438               5.254747639972567e-06               1.0075515699869974e-06               1.518804302229743e-06               0.037415574770786185               5.7248397937046175e-06               
0.9755077775171748               0.00014555160601365495               0.9755070179837645               0.0001444469319494398               7.595334101218044e-07               1.260370170430074e-06               0.024492222482825246               0.0001455516060136754               
0.9789077685672085               0.00027349070349518055               0.9789052428033689               0.00027031119835277704               2.5257638396447566e-06               3.910659600741348e-06               0.021092231432791514               0.00027349070349517334               
0.9771546340163854               0.00045765934267047367               0.9771485739634187               0.00045082396816523325               6.060052966716523e-06               8.636502491962143e-06               0.02284536598361464               0.0004576593426704607               
0.9718837919569303               0.0008225898362437597               0.9718729477158426               0.0008132247410148485               1.0844241087537564e-05               1.4092912004281678e-05               0.028116208043069725               0.0008225898362437568               
0.963497750955354               0.0013981988722204604               0.9634689145955067               0.0013762316742513883               2.8836359847295157e-05               4.158642494054509e-05               0.03650224904464609               0.0013981988722204619               
0.9501798979206635               0.002357856883154683               0.9501285509307961               0.0023220895399481117               5.134698986751785e-05               5.70770091380536e-05               0.04982010207933646               0.0023578568831546984               
0.9266297967213053               0.004171196372700221               0.9264920026080592               0.004089828543523096               0.00013779411324584822               0.0001601034882171659               0.07337020327869478               0.004171196372700227               
0.8784821214826171               0.008690097089005977               0.8779848007223988               0.008486197872337608               0.0004973207602182117               0.0007116086747388183               0.12151787851738298               0.008690097089005984               
0.7672688852428396               0.02013118067997354               0.7659286412825667               0.019398034280587558               0.0013402439602729355               0.0014003415016409892               0.2327311147571604               0.020131180679973555               
0.5226550895635401               0.045943181955854395               0.5180793060934048               0.043870776338413               0.004575783470135292               0.005378893613248706               0.4773449104364599               0.04594318195585441               
0.306335717991899               0.02580756265681347               0.29752378387636297               0.022810258731216188               0.008811934115536052               0.0105190501567466               0.693664282008101               0.025807562656813474               
0.3752361753122392               0.012124512874680422               0.3684603194968854               0.01785297158489347               0.006775855815353743               0.008353776222077973               0.6247638246877608               0.012124512874680412               
0.5438227892894251               0.031810525139265654               0.5388285095248876               0.03668170513289303               0.004994279764537435               0.007462909492087162               0.4561772107105749               0.03181052513926563               
0.6797956612000385               0.02203370419875763               0.6766599851522828               0.024556258081548325               0.0031356760477557312               0.00363749523244761               0.3202043387999614               0.022033704198757612               
0.7528035864041998               0.015131760228203837               0.7503983536504528               0.016860203035887047               0.002405232753746922               0.002725113072527058               0.24719641359580025               0.015131760228203834               
0.7809109513578464               0.011095106929176616               0.779010924029896               0.012531691888238172               0.0019000273279503154               0.002206154904071822               0.21908904864215364               0.011095106929176625               
0.7835506937647438               0.009360705013750496               0.7819594009816967               0.010534907176282119               0.0015912927830471601               0.001994696490818047               0.21644930623525616               0.009360705013750496               
0.7761104238667519               0.00877238291735908               0.7747212978326016               0.009820097774070667               0.0013891260341503564               0.0019388597003622172               0.22388957613324806               0.008772382917359066               
0.7727868228483338               0.008847098057956887               0.771808328559662               0.009606854726061176               0.000978494288671794               0.0015545956937634993               0.22721317715166633               0.008847098057956873               
0.787573506157096               0.008694563840264515               0.7870277131928937               0.009104535405800217               0.0005457929642023407               0.0008960450538207684               0.21242649384290396               0.008694563840264525               
0.8245231277127522               0.007386928021250038               0.8243024196082303               0.007544632101146031               0.00022070810452198275               0.00034365083354985705               0.1754768722872477               0.0073869280212500565               
0.872154346957107               0.005029102223042455               0.8720801581082348               0.005081440879978472               7.418884887215871e-05               0.0001072378623923258               0.12784565304289303               0.00502910222304245               
0.9135830816855256               0.0028507332776518154               0.9135603684543823               0.0028666429342709856               2.271323114321211e-05               3.088917680126958e-05               0.08641691831447458               0.002850733277651817               
0.942301509839818               0.001481440696467275               0.9422947553199444               0.001486197811932285               6.754519873530818e-06               8.748348376290167e-06               0.05769849016018195               0.001481440696467264               
0.9606333197736312               0.0007503398254163618               0.9606312990502455               0.0007518040345439899               2.020723385542933e-06               2.527105792333419e-06               0.039366680226368876               0.000750339825416379               
0.9722659193396002               0.0003799022620989788               0.9722653157830908               0.0003803600026011353               6.035565093154282e-07               7.431078101718487e-07               0.027734080660399847               0.00037990226209898953               
0.9798602511505792               0.0001937220184798698               0.9798600732403087               0.00019386747841084143               1.779102706711555e-07               2.2252399147720672e-07               0.020139748849420807               0.00019372201847985365               
0.9850347865574702               9.842780778835141e-05               0.9850347366311978               9.847304155384491e-05               4.9926272427391895e-08               6.635756877131721e-08               0.014965213442529846               9.842780778833558e-05               
0.9886075583623579               6.752764000440763e-05               0.9886075473603032               6.753112204659981e-05               1.1002054656206184e-08               1.443099015572898e-08               0.011392441637642055               6.752764000440465e-05               
0.9911140881070943               3.4127624461514284e-05               0.9911140858228327               3.412840782808841e-05               2.2842616909102275e-09               3.1859755655706216e-09               0.008885911892905562               3.412762446150982e-05               
0.9928143326113797               1.714442775117405e-05               0.9928143319633845               1.7144901457866548e-05               6.479952241456032e-10               1.100129225744385e-09               0.007185667388620162               1.7144427751152547e-05               
0.9939223099974284               8.41910494231914e-06               0.9939223095949163               8.419490052654728e-06               4.025118793826721e-10               6.754975460523298e-10               0.0060776900025717355               8.419104942325773e-06               
