0.8482627643469127         0.005576100958376163         0.8468959437029469         0.005817044876318743         0.001366820643965716         0.00037606246982364535         
0.934879602938428         0.018623749125140497         0.9288408436814504         0.022049498912431444         0.006038759256977655         0.0034957711232524373         
0.9250925342994328         0.019794789206140428         0.9142385047377344         0.025210919214685126         0.010854029561698498         0.005910236700097174         
0.9685783929929901         0.0007011157594427251         0.9655040255767217         0.0014435573038318128         0.0030743674162685974         0.0010710087067774606         
0.9513169174642702         0.002263193041199193         0.9466189227334774         0.002456956042081687         0.004697994730792576         0.0015197782338175285         
0.9110773751993448         0.0036021827102444433         0.907570770512913         0.0032875920346481955         0.0035066046864321134         0.001648344171886676         
0.8494209590459768         0.03700567930970681         0.8453486619086498         0.03955952867338876         0.004072297137327019         0.0026410697497054434         
0.9195219380876658         0.006006841071582061         0.919283695667168         0.006157776916769907         0.00023824242049760302         0.00016627903990181837         
0.9625165702304044         2.1941760833750472e-05         0.9625013837892615         2.3493318096836324e-05         1.5186441142700513e-05         7.082602526934834e-06         
0.9672164185484945         0.0036670135017564222         0.9666906696982837         0.003918649079074899         0.0005257488502109497         0.0002658909576904481         
0.9760541943412682         0.0012145536007062356         0.9756016808763028         0.001292363874436409         0.0004525134649650764         0.0001658956835740804         
0.9491885377295011         0.009751455548606267         0.9460352385348963         0.010109432651875777         0.0031532991946044754         0.001228867997114587         
0.9375447062122173         0.04154106150579068         0.9292652702139084         0.04762530142219895         0.008279435998309182         0.006810112850526404         
0.8930566827556365         0.020704649545140934         0.8767924288088359         0.025687008945077548         0.016264253946800665         0.0062510010118814645         
0.8661173040687673         0.04582963841959276         0.8380835740005683         0.05634007602701188         0.028033730068198946         0.01246474551021793         
0.8073806276892928         0.04567932334458492         0.7300777407491492         0.06910852899901825         0.07730288694014359         0.024948010266716076         
0.875207962401803         0.013318761427687648         0.8181563249412029         0.01294328271792051         0.05705163746060017         0.015172288097317826         
0.7513022347364857         0.026933190885095867         0.5997765256750365         0.03961983996081127         0.1515257090614493         0.04310629675387689         
0.3726690028826848         0.08947966515853657         0.13741257908610272         0.057409943127826414         0.2352564237965821         0.06445198735714851         
0.32958385638031357         0.05958022161037875         0.07178907617195927         0.04368753465593895         0.2577947802083542         0.05446153173477457         
0.322593181810392         0.05110048057803402         0.03159412983608485         0.018372354940462837         0.29099905197430714         0.06050043042857347         
0.3464127157367126         0.03994657498230602         0.0914949556492729         0.0353599260878747         0.25491776008743966         0.04095207827420484         
0.3967072924459182         0.04343718176677191         0.24997522623657714         0.04678042270774533         0.14673206620934115         0.04761836834761599         
0.4418694662891617         0.07706497411038458         0.3203647155512443         0.09512700901244896         0.12150475073791729         0.031320253057090776         
0.49886856839918803         0.05496853929228063         0.3404095188130751         0.07479354742628333         0.15845904958611295         0.05210502412602563         
0.49770304995298015         0.07057564684164874         0.34412951698056643         0.10155359172474994         0.15357353297241363         0.04873146320633677         
0.5376307460410417         0.0523971736468899         0.42986478051235516         0.08044486245031109         0.1077659655286864         0.04691035754338086         
0.5566409070182051         0.05730525100033465         0.4675748761859255         0.09805307682224317         0.08906603083227953         0.05216208561428306         
0.6323154411047449         0.06282295650289964         0.5393760859452678         0.10551957917028008         0.09293935515947713         0.050255730927131814         
0.6339470148787132         0.09118121236302892         0.5564955583211355         0.10891886190782597         0.07745145655757761         0.03129382280606552         
0.7621128063858478         0.0361127310717431         0.7429267002040312         0.037326110507220726         0.01918610618181673         0.015314135910198699         
0.8949969426186591         0.004582091181050342         0.8895232772289428         0.007749212081941049         0.005473665389716287         0.006307297658734424         
0.9329901110359161         0.003540372277148436         0.9311265685716725         0.003952963888349305         0.0018635424642435728         0.0023728314901399847         
0.9577923537146906         0.0007918986099089517         0.9571900379320388         0.0012861354165199811         0.0006023157826517634         0.000839792710201996         
0.9712935373248175         0.0003208238656722603         0.9711025133507081         0.0004925823797503682         0.0001910239741097053         0.00028256780547869265         
0.979445126413743         0.00015731173303542312         0.9793887813587991         0.00020101947864164686         5.634505494388487e-05         8.887801926529944e-05         
0.9819643577127488         0.0015571568768842396         0.9819480412715091         0.0015503365233101498         1.631644123961662e-05         1.761818393566058e-05         
0.9885543018732964         7.728405026437872e-05         0.9885516617525415         7.7759284737772e-05         2.640120755004194e-06         3.0946457663518124e-06         
0.986350032990367         0.0032650113397650333         0.9863412071926376         0.0032725707695474508         8.825797729505868e-06         7.751550343589463e-06         
0.9883068646117318         0.006051856504061184         0.9883040297693491         0.006055151646949039         2.834842382848368e-06         3.347383253953942e-06         
0.9938611758378924         2.0123563316245684e-05         0.993860187351794         1.9642282872231246e-05         9.884860983300215e-07         1.0815057266363936e-06         
