0.8726164439090974               0.004978934780586986               0.8725276673603801               0.005023802088408616               8.877654871729535e-05               6.845829100652723e-05               0.1273835560909026               0.004978934780586993               
0.9632250660665435               0.0003311527670785917               0.9632243508148186               0.00033127710284084884               7.152517248032453e-07               1.6482325348682113e-06               0.03677493393345659               0.00033115276707859284               
0.9726624113822837               0.000587668650896646               0.9726607334193229               0.000587470023254538               1.6779629607888146e-06               1.555960079384782e-06               0.027337588617716402               0.000587668650896635               
0.9567149913084851               0.019830426493770224               0.9560176918327075               0.02055526591425133               0.0006972994757776463               0.0007575534085090167               0.043285008691514845               0.019830426493770214               
0.9038623343136771               0.05064543214341711               0.8911543711479373               0.05835901925104613               0.012707963165739845               0.011502865468837194               0.09613766568632284               0.05064543214341711               
0.8964790523924593               0.011048103080947164               0.892918778262007               0.017353602745769886               0.003560274130452201               0.00649900121468826               0.10352094760754076               0.011048103080947173               
0.8850018911123427               0.04961205868514012               0.8300714108326266               0.09443969562542502               0.054930480279716073               0.071116578406778               0.11499810888765724               0.04961205868514011               
0.9086113467883002               0.024097644104528495               0.8897576013436218               0.05874565351429636               0.018853745444678438               0.03535146384468811               0.09138865321169974               0.024097644104528488               
0.9564459593095089               0.0033042322498143387               0.9542523382134676               0.006801287211252941               0.002193621096041398               0.003588474369541988               0.04355404069049124               0.0033042322498143387               
0.9728180877901946               0.0008159884372051107               0.9726645839734452               0.0006300434718608798               0.00015350381674963386               0.00024007986900958245               0.027181912209805204               0.0008159884372051028               
0.977296156006331               0.0007596716198868316               0.9772430561623912               0.000699135560098121               5.309984394002987e-05               7.552884676202175e-05               0.022703843993668895               0.0007596716198868279               
0.9775540572728035               0.000651912566570024               0.9775252295657166               0.0006241223859376251               2.8827707086986897e-05               3.837597852247523e-05               0.02244594272719652               0.0006519125665700307               
0.9765361574008427               0.0006967805021907323               0.976516548487939               0.0006811534944346981               1.9608912903834598e-05               2.5422111459099506e-05               0.023463842599157226               0.000696780502190751               
0.9756426471986203               0.00071463452927887               0.975628485867151               0.0007024056897552695               1.4161331469120242e-05               1.649835542121498e-05               0.02435735280137992               0.0007146345292788585               
0.9746854368361826               0.0007386735928134998               0.9746720990633075               0.0007305985928113752               1.3337772874955078e-05               1.4326688360970002e-05               0.025314563163817482               0.0007386735928134902               
0.9725573655051496               0.0008068731204031675               0.9725415297074494               0.0007938113327441562               1.5835797700181063e-05               1.645723991396208e-05               0.027442634494850383               0.0008068731204031514               
0.96825873942584               0.0020143541714242584               0.9682384500131788               0.0020059039677919493               2.0289412661200768e-05               2.1127411953004037e-05               0.031741260574159984               0.002014354171424259               
0.9586542317864769               0.005628642144208251               0.958618849358491               0.005613771712220886               3.538242798577507e-05               3.5683505638836564e-05               0.04134576821352314               0.005628642144208235               
0.9366777454649504               0.01247603096571829               0.9366201188704835               0.012470902153147306               5.7626594467075074e-05               5.385206351796345e-05               0.06332225453504958               0.01247603096571829               
0.9173207291659914               0.0095489610318606               0.9171974074438817               0.009559642468959887               0.00012332172210968161               0.0001353532541030531               0.0826792708340086               0.009548961031860597               
0.8643001241407869               0.016418810937827277               0.8639116642149439               0.01652481353011819               0.00038845992584309876               0.00040376234750659045               0.13569987585921311               0.01641881093782728               
0.7208982806112303               0.04262815880850812               0.7197995887111397               0.04280787302795209               0.0010986919000905537               0.001058288497813967               0.2791017193887697               0.04262815880850812               
0.26119374102797605               0.10047899629979709               0.25689897617465246               0.0995984714072227               0.0042947648533235875               0.0032456513038463804               0.738806258972024               0.10047899629979709               
0.7351133641315843               0.06991544398071395               0.7339594424761726               0.07091132184109661               0.0011539216554117605               0.0012886465649114723               0.26488663586841565               0.06991544398071396               
0.9226335301796645               0.005726171118597573               0.9226190012659025               0.00573621794637661               1.4528913761890916e-05               1.530478248198476e-05               0.07736646982033553               0.005726171118597574               
0.945163916601832               0.00058793687136738               0.9451635421366585               0.000588229368688733               3.7446517341388487e-07               5.011489106914409e-07               0.054836083398168076               0.0005879368713673837               
0.9464517224134916               6.019668269807445e-06               0.946451718031293               6.021832281298518e-06               4.382198703911655e-09               6.66199119662537e-09               0.05354827758650847               6.019668269809265e-06               
0.9463251040460163               1.6799619482082594e-05               0.9463249682298717               1.668506031503146e-05               1.358161446529671e-07               2.5632459347396257e-07               0.0536748959539838               1.679961948209136e-05               
0.9494072410463863               3.759338039200748e-05               0.9494068274796998               3.791741734597062e-05               4.13566686607858e-07               6.975342977215863e-07               0.050592758953613606               3.7593380392011615e-05               
0.95515300942831               7.598394205782713e-05               0.9551523837881046               7.642441169372456e-05               6.256402055093702e-07               9.625743715760195e-07               0.04484699057169               7.598394205782912e-05               
0.9619012187532119               9.09100915056002e-05               0.9619004978416232               9.138808243016985e-05               7.209115885253858e-07               1.0253438675533268e-06               0.03809878124678811               9.091009150559636e-05               
0.9682506467825972               8.922047825783404e-05               0.9682499482168936               8.962711954307776e-05               6.985657034719317e-07               9.409813222082228e-07               0.031749353217402854               8.92204782578408e-05               
0.9735412746236849               8.036050213374054e-05               0.9735406531474183               8.068301244184435e-05               6.214762663603324e-07               7.994656525296432e-07               0.02645872537631518               8.036050213374399e-05               
0.9778646650899159               6.955801046774055e-05               0.9778641191424349               6.982075576005555e-05               5.459474809010878e-07               6.681329838106235e-07               0.022135334910084133               6.955801046773611e-05               
0.9814421677519484               5.843434048999898e-05               0.9814416984411372               5.8644733449014105e-05               4.693108113906774e-07               5.506721511769524e-07               0.018557832248051548               5.843434049000692e-05               
0.984464132163261               4.83387624781652e-05               0.9844637319522649               4.8505666282928865e-05               4.0021099624309996e-07               4.5241743942038054e-07               0.015535867836738937               4.8338762478168e-05               
0.987071602044168               3.8910508799840786e-05               0.987071260424365               3.904378018662782e-05               3.416198028460826e-07               3.729104504730974e-07               0.012928397955832092               3.8910508799842595e-05               
0.9892738695508845               3.1621774045502744e-05               0.989273572740468               3.173016640386035e-05               2.96810416455795e-07               3.163223956910015e-07               0.010726130449115643               3.1621774045502825e-05               
0.9910342930596256               2.535748532587424e-05               0.991034036724112               2.5444522463917045e-05               2.563355134599377e-07               2.654638148209736e-07               0.008965706940374256               2.5357485325886038e-05               
0.992357802047173               2.0711601076184226e-05               0.9923575784971103               2.0782570828268943e-05               2.235500627834064e-07               2.2545172172630483e-07               0.0076421979528270125               2.0711601076185602e-05               
0.9932751409742728               1.746624411623357e-05               0.993274944529408               1.7524748607707816e-05               1.96444864741796e-07               1.932492310111163e-07               0.006724859025727216               1.7466244116240194e-05               
