0.014312666902289026               0.002505111234743326               0.0016084794974661047               8.066064336012395e-05               0.01270418740482292               0.002438017738842703               0.003816018069641547               0.00015017358103226307               0.9818713150280693               0.002629000613592874               0.9660175036001691               0.005128941092420688               0.01585381142790032               0.002500035188620864
0.01903071600374965               0.0035488319301152306               0.0017334480413606578               7.050932920562188e-05               0.017297267962388996               0.0035770867195863538               0.002912577132973788               0.00010711290150692377               0.9780567068632765               0.0034815149105931376               0.9579779929115249               0.007012558517417464               0.020078713951751537               0.0035326126661200078
0.008629515892587829               0.004538342620230746               0.001409622529489022               0.0005294267035962998               0.007219893363098808               0.004017522586349908               0.0021040846060420733               0.0006891626425773613               0.9892663995013701               0.005216816253636282               0.9804465683328208               0.009486671874422634               0.00881983116854923               0.004274759813053366
0.013431709922498624               0.00442243948682231               0.0019990244482782863               0.0002950055568261955               0.01143268547422034               0.004171381956252865               0.002269267014109241               0.0002950477928992381               0.9842990230633921               0.0046707992887720234               0.9711487644835575               0.008944622702995383               0.013150258579834572               0.004283267562004415
0.011742769295086464               0.006235704494417347               0.0020841108898806042               0.0002814830354068826               0.009658658405205859               0.00601470993548154               0.0022159470729814904               0.0002610723032470297               0.986041283631932               0.006424437894322673               0.9752744045014667               0.012749269659172226               0.010766879130465234               0.006331724718311499
0.008517817240708788               0.0056663216708905135               0.0020890488077466157               0.0008209038784430136               0.006428768432962174               0.004966921820756961               0.002359201409750579               0.000859800031510902               0.9891229813495407               0.006422377902153208               0.9819606294808427               0.011646190154373728               0.007162351868697958               0.005239702468457235
0.008524698391739584               0.004452240148326988               0.0020242375773407055               0.0006498790052882641               0.006500460814398879               0.004349620583435269               0.0031208278150446057               0.0008671297762391142               0.9883544737932158               0.0048393140764330595               0.9813512369842355               0.009339870418992272               0.007003236808980251               0.00456921599800633
0.006618788671975176               0.005776195161402763               0.003501070812300414               0.00037500115064829               0.003117717859674762               0.005465909995284427               0.0033927718917157513               0.000371637758243992               0.989988439436309               0.00610013719709814               0.9865918015651397               0.011780440896761621               0.0033966378711693277               0.005685015710258706
0.008980126082626553               0.007793735398256916               0.004395285017037821               0.0002174698356549959               0.004584841065588731               0.007803152089785423               0.003619159672992321               0.00017612908150818117               0.9874007142443813               0.007854448683001773               0.9825628356595848               0.015833861747846713               0.0048378785847964624               0.007982413092203532
0.008127475072234998               0.00493782157842452               0.00540310407865166               0.00039696992360853595               0.0027243709935833383               0.0051810185974343476               0.004066669820310005               0.0002455876482320945               0.9878058551074549               0.0048398209973149475               0.9849650237926275               0.010171026861807377               0.0028408313148273858               0.0053439611216564795
0.010698430346893838               0.007059309254019294               0.006484547795006896               0.001061878967437944               0.0042138825518869445               0.008095378573043486               0.0049892420388161825               0.0007003454521446626               0.9843123276142901               0.006394823889052521               0.980016803711767               0.0145931850525721               0.004295523902523102               0.00820461717587297
0.008507003716553888               0.001022951258942395               0.00845904864778735               0.001096804304018832               4.7955068766538603e-05               7.884652451076316e-05               0.0070405214601983665               0.0008335869888181103               0.9844524748232477               0.0018565354323642402               0.9844044502481637               0.0017832578159351219               4.8024575084049113e-05               7.885281479261776e-05
0.011234614087610836               0.0010204611357307466               0.011208906998650129               0.0010530403955526545               2.5707088960707365e-05               3.93542854932406e-05               0.009965764028109976               0.0008886551718182318               0.9787996218842793               0.0019091147347432681               0.9787738451307881               0.0018768822000503533               2.5776753491069115e-05               3.940647652412482e-05
0.014738832798280596               0.0011600824152541206               0.014714894602837583               0.0011867263552357511               2.3938195443012726e-05               3.4779627971043926e-05               0.013154798630231968               0.0010196312695625236               0.9721063685714875               0.002179712132932465               0.9720823695900085               0.0021533803014249               2.3998981478934312e-05               3.482639287562482e-05
0.019475194792461535               0.001419212968173719               0.01944845460814016               0.0014461047862421525               2.6740184321378742e-05               3.752156497401383e-05               0.016704242625556687               0.0012019109673334413               0.9638205625819817               0.002621122491379521               0.9637937656105668               0.0025945894330200885               2.6796971414910777e-05               3.756239882293529e-05
0.026364911956174086               0.0018708787619843563               0.026330837181503298               0.001901991900038278               3.407477467079062e-05               4.658689475466135e-05               0.021290613100582882               0.0014957014574779584               0.952344474943243               0.0033665777076173154               0.9523103468790655               0.0033359488480498994               3.412806417731895e-05               4.661408391059822e-05
0.03714076811412928               0.002676308395439625               0.03709140869538613               0.0027169784574612517               4.9359418743149394e-05               6.624628966539679e-05               0.028502840073424473               0.002037400138547135               0.9343563918124463               0.0047137045701389135               0.9343069823972353               0.0046738282596685485               4.9409415210821536e-05               6.625415019108812e-05
0.055354887000538776               0.004209247664815894               0.05527144206529241               0.004271678380277328               8.34449352463608e-05               0.0001101729575685597               0.04223873877217947               0.0031929653585407195               0.9024063742272818               0.007402204258530367               0.9023228676203416               0.007341271374372789               8.350660694003142e-05               0.00011017402880801536
0.08869533930607568               0.007343018677482238               0.08852935388098142               0.007454313477993207               0.00016598542509425746               0.0002153051212584258               0.07109677672768507               0.00586075075182173               0.8402078839662392               0.013203750113849244               0.8400418070292895               0.013095912744321087               0.000166076936949755               0.00021530210037940746
0.15306071763636184               0.013879182614853955               0.15267505949556712               0.014107974063088875               0.00038565814079472016               0.00048378472756996095               0.12843415811513925               0.011600923577215613               0.7185051242484989               0.025480079221266685               0.7181192684046446               0.025260973908021206               0.00038585584385445457               0.00048384585364489967
0.2758699655688911               0.025508010887696785               0.2748217079284195               0.02610744032738234               0.001048257640471706               0.0012879888815228308               0.22930149370595793               0.021139664723149227               0.49482854072515103               0.04664756055447721               0.49378003550892957               0.04608583495093506               0.0010485052162213736               0.0012881027375325471
0.4581411336902483               0.030069352203412215               0.4554963906238867               0.031815639110491144               0.0026447430663616377               0.0031271359292438772               0.3518262977624309               0.023019175051909046               0.19003256854732084               0.05308799060001882               0.18738813552451888               0.05151295203477038               0.0026444330228019204               0.0031272027376835283
0.5258281348317404               0.010639485066044719               0.5220633733333766               0.010631373499310566               0.0037647614983638777               0.004364180665578722               0.363744812424244               0.0074240443055389035               0.11042705274401554               0.018061014960681267               0.10666446878889817               0.0194149742535825               0.0037625839551173822               0.004363620078124189
0.37275994050579075               0.03214345483025949               0.37070974203345997               0.03067588828902279               0.0020501984723307666               0.002431886516982263               0.23902089405003468               0.02068442705353237               0.3882191654441746               0.05282767188235574               0.3861701849831284               0.05438393977111498               0.0020489804610462127               0.0024313182487297738
0.21623258543314083               0.01951877839274169               0.21558192097692505               0.019013438645653               0.000650664456215752               0.0007823056626192652               0.13813760683356255               0.012514589369455367               0.6456298077332966               0.032033329876617854               0.6449800899541438               0.03255225411396021               0.000649717779152803               0.0007816715978410017
0.12976485039023825               0.009620134346006828               0.12955743083452168               0.00946339054411084               0.0002074195557165856               0.0002492190198143714               0.08623428733525315               0.00641818981966292               0.7840008622745087               0.016038314771371246               0.783793902249253               0.016197685601132526               0.0002069600252556203               0.00024885269446090744
0.08501388067114121               0.005065339133224358               0.08493486797937091               0.005009182937614899               7.901269177030545e-05               9.449172874677599e-05               0.05849932651790858               0.003499101043060386               0.8564867928109502               0.008564437217585631               0.8564079730862751               0.008621317954921045               7.881972467514986e-05               9.435196033195903e-05
0.06026725950533398               0.0029532106269470073               0.060231110139403486               0.0029287753100647237               3.614936593049623e-05               4.325816624747707e-05               0.041446463898290355               0.0020393308221425786               0.8982862765963757               0.004992540419478049               0.8982502261684046               0.005017240123591995               3.6050427971068275e-05               4.3189007051842145e-05
0.04534459703302162               0.0018755514844554805               0.04532577563019523               0.0018633124457459126               1.882140282638764e-05               2.2443315266357574e-05               0.02985531683597874               0.0012402700613953536               0.9248000861309997               0.0031158211197788266               0.9247813208699645               0.0031281707306560036               1.8765261035080806e-05               2.240632640482314e-05
0.03554092933181312               0.001266114795510545               0.03553015348700515               0.0012593470420528248               1.0775844807953822e-05               1.2822246129383873e-05               0.02178691487583103               0.000779456380895933               0.9426721557923559               0.002045570800290084               0.942661414873073               0.002052389562077236               1.0740919282903327e-05               1.2800161425992286e-05
0.028675601415121394               0.0008935052879503871               0.02866899646842947               0.0008894782132175402               6.604946691917898e-06               7.855062580825144e-06               0.016137098956916115               0.0005053567830765175               0.9551872996279623               0.0013988616953354192               0.9551807178601914               0.001402915252976295               6.581767771185465e-06               7.840817210644986e-06
0.023639736716157243               0.000652250683013959               0.023635473185173814               0.0006497170710990806               4.263530983428243e-06               5.07170305668006e-06               0.012204277623954951               0.00033837376754140933               0.9641559856598878               0.0009906241167351169               0.9641517382695273               0.0009931724770129882               4.247390360556657e-06               5.062083962809673e-06
0.019818646670588965               0.0004890709166978525               0.01981578345410976               0.00048740747207789585               2.8632164792083414e-06               3.406384178947006e-06               0.009476619292507659               0.00023498354405378504               0.9707047340369035               0.0007240541794511605               0.9707018823809836               0.000725725969734844               2.8516559198665804e-06               3.3996841493365302e-06
0.01686062636250632               0.0003755802726947855               0.016858638626894046               0.0003744589583328438               1.987735612275082e-06               2.3676980697259118e-06               0.007516159294110714               0.00016820150262934283               0.975623214343383               0.0005437811755543052               0.9756212350008363               0.000544906681921315               1.979342546554186e-06               2.363232299304304e-06
0.014526511897018654               0.0002944092487889857               0.014525084286424073               0.000293606478395337               1.427610594579437e-06               1.7013381024968607e-06               0.0060383098116706625               0.00012269934093668723               0.9794351782913108               0.00041710857886986845               0.9794337573739345               0.0004179144096095919               1.4209173760160176e-06               1.6972606797099968e-06
0.012655896691323078               0.0002350790397777586               0.012654862928507449               0.00023451882539323718               1.0337628156295228e-06               1.2179019373525554e-06               0.004875509922179785               9.087691852134167e-05               0.982468593386497               0.00032595594153541317               0.982467564621017               0.00032651811614891767               1.028765480093341e-06               1.2151736300839813e-06
0.011138070179203924               0.00019083979110224826               0.011137291540814335               0.00019042843071696876               7.786383895917737e-07               9.132780831099642e-07               0.003928536675559476               6.771084873409746e-05               0.9849333931452364               0.0002585504990170983               0.9849326182278789               0.0002589632903661569               7.749173575044566e-07               9.112669376058405e-07
0.009890346206921263               0.00015732650151536662               0.009889735106090343               0.00015699822342167975               6.111008309198432e-07               7.482641739976132e-07               0.003162260468684664               5.0504405035906564e-05               0.986947393324394               0.00020783083042510883               0.9869467839462466               0.00020816125880670732               6.093781475313698e-07               7.484454063134631e-07
0.008855224689938272               0.00013138960574885248               0.008854764888064571               0.00013115471305125644               4.5980187370099625e-07               5.427070453974891e-07               0.0025682363610279478               3.815207529456902e-05               0.9885765389490337               0.00016954165480670107               0.988576080947599               0.00016977757333456773               4.5800143484431287e-07               5.4180496347889e-07
0.007990140132724827               0.00011118422980338606               0.007989773863592925               0.00011100047430334519               3.662691319007011e-07               4.309626025552162e-07               0.0021289838454027605               2.9747097168989914e-05               0.9898808760218725               0.0001409312115686292               0.9898805112815025               0.0001411157575992566               3.647403699624796e-07               4.301797986211188e-07
0.007259699494368289               9.519339696093573e-05               0.007259401877228222               9.504597095810183e-05               2.9761714006835973e-07               3.489891211453635e-07               0.0018226133619510837               2.401907890676976e-05               0.9909176871436806               0.00011921216991706945               0.9909173908251777               0.00011936016356132179               2.9631850302358486e-07               3.483297691355181e-07
