0.025761634889945224               0.0007593061228478394               0.007282533862969962               0.0001559096593518579               0.018479101026975264               0.0007991123414260046               0.007055057832180148               0.00011815295331423403               0.9671833072778746               0.000764812173748982               0.9462226501150525               0.001602915781862568               0.020960657162822183               0.0008581815603498401
0.025201883620204778               0.001046535427978772               0.008260732857564861               0.00012252417598493983               0.01694115076263992               0.0010281835969432646               0.0058217268020101425               7.473226751345838e-05               0.9689763895777853               0.0010697998421427366               0.9498901184758715               0.002163695538373768               0.01908627110191361               0.0011016868800735064
0.027654071188538815               0.0010796461142498232               0.009713890592262882               0.00017056905560777397               0.017940180596275935               0.0010562002162381806               0.0059183190717619315               9.764359732849946e-05               0.9664276097396993               0.0011121685301097878               0.9466352167378096               0.002182511987243247               0.019792393001889775               0.0010858130894625898
0.030024457250509402               0.0011632243894293824               0.010695836860757441               0.00043433341013137186               0.01932862038975196               0.000966305572412584               0.0052719558813769185               0.000175984239453788               0.9647035868681136               0.0012770389942171436               0.9437071669053043               0.0022053543465558496               0.02099641996280923               0.0009814884095179293
0.033670787462727045               0.001118085024068838               0.012383804469164018               0.0005399948844995388               0.02128698299356302               0.0011469297327886144               0.005825368089212494               0.00016920233209802895               0.9605038444480606               0.0011837702103938384               0.9376495964653409               0.0022437731085883502               0.02285424798271961               0.001153563524395124
0.0374479574148555               0.0019042996760986683               0.014517566387572789               0.0004677591334065749               0.02293039102728271               0.0017775334179396171               0.007161872008014452               0.00019916287798221115               0.9553901705771299               0.002001370097988009               0.9310354374382548               0.0037911289194410393               0.02435473313887525               0.001834319879555074
0.04143873209970329               0.0022790259297743175               0.016771977861690834               0.0006407747441103854               0.02466675423801246               0.0020023885932079688               0.008282685592333352               0.0002875963462866251               0.9502785823079632               0.0024735012408620863               0.9242976122928163               0.004457334111287928               0.025980970015147077               0.0020525748596749893
0.046304573321894804               0.0020825485820467667               0.020362997445297473               0.0005357211598839791               0.025941575876597327               0.0018774727095793712               0.008956253375351667               0.00021196682873822692               0.9447391733027535               0.002197290492699785               0.9175389086125275               0.004065433490884883               0.027200264690226027               0.0019236839359929039
0.0528610037144278               0.002623232870937685               0.023409229377473563               0.0007458268559052479               0.02945177433695424               0.002476015430700575               0.008911849881477217               0.00023325808741542987               0.9382271464040949               0.002728514894278303               0.9075748359955261               0.005153667079400923               0.030652310408568938               0.002509529961230242
0.05476609773093646               0.0027567590678583085               0.027076273434167974               0.001145637403114279               0.027689824296768493               0.0020798250562382263               0.009583640835227288               0.0003290929768710965               0.9356502614338364               0.0030130684122225116               0.9068293024625674               0.0050082586980301335               0.028820958971268917               0.0021199376964232274
0.06656930644007102               0.0029608162363304776               0.033361075791817116               0.0009641400725325887               0.033208230648253886               0.002486138734144921               0.012083508937401453               0.0003063032806260711               0.9213471846225276               0.003163379471218985               0.8870241590038995               0.005585116907659359               0.034323025618628               0.0025196533630790986
0.07783845742666005               0.004378355101085147               0.03970434221930115               0.0010878629082243338               0.03813411520735889               0.003591759277438215               0.015922870168292462               0.0004029149674273474               0.9062386724050475               0.004710442860169277               0.8670378017451021               0.008310046343719395               0.03920087065994523               0.0036550510729479613
0.08779145294120858               0.003643771088976326               0.045216908054025874               0.0014301803649824007               0.042574544887182694               0.0036787671964355964               0.020136598480606806               0.0005385975550631523               0.8920719485781847               0.0038310532103257356               0.8484943026050056               0.007289329353903809               0.04357764597317894               0.0037093026242921126
0.10630927202377383               0.004496086761424816               0.059137643467480946               0.0012743342856975396               0.04717162855629288               0.004080338683194938               0.0261287385377644               0.0005149997351128946               0.8675619894384617               0.004759761709741741               0.8193407998654033               0.008735975205009041               0.048221189573058446               0.004126798867271733
0.13150398472223998               0.004701058053357763               0.07193785028231517               0.00197227057575804               0.05956613443992483               0.004907614766224498               0.031044273658315212               0.0007110416116720056               0.8374517416194447               0.004836776830373638               0.7768305923907285               0.00941642281935278               0.06062114922871632               0.004943849277724349
0.15529568053974202               0.005997574511318259               0.08744013334794457               0.00303137981744679               0.06785554719179747               0.005426582251085632               0.03618753559082895               0.0009824119081783176               0.8085167838694289               0.0065338796313218934               0.7396577252229135               0.011380947005514947               0.06885905864651541               0.0054711595879946475
0.18538806765155824               0.00810733048226794               0.10365731610793834               0.004856648227148413               0.08173075154361992               0.0065079587301546515               0.04272929442094434               0.0011271522630524151               0.7718826379274975               0.008691954676300961               0.6892192570026918               0.014241853334219965               0.08266338092480559               0.006564426243887677
0.22185993277160562               0.007419851058109989               0.13418153034093375               0.008140805976335395               0.08767840243067186               0.00564336911385152               0.05591499994552148               0.0019231458915530768               0.7222250672828731               0.008953722393231627               0.6336393904226446               0.011164919452874476               0.08858567686022821               0.005673557751316737
0.29190910954123633               0.006559095963429469               0.18214763112509863               0.007642762576769808               0.1097614784161377               0.006038935845849966               0.07937233746174954               0.0022150765386596137               0.6287185529970142               0.007962572919208901               0.5181471050783324               0.010266134930482423               0.11057144791868183               0.0060675030060769065
0.36098024058120404               0.008176608913395786               0.22841697150333995               0.011094710385701643               0.13256326907786406               0.005950110845357319               0.1081758316843692               0.0032361169363719724               0.5308439277344268               0.010619530771500432               0.3976392282550173               0.009875048637092284               0.13320469947940955               0.0059667638963159676
0.42578224788401065               0.012587027209098767               0.27873417672468587               0.01480561757035628               0.14704807115932475               0.00480294731263646               0.13930195798601078               0.004019847794973638               0.43491579412997855               0.014816817701584857               0.28745858634860966               0.013116789804536557               0.14745720778136895               0.004827949646398462
0.48427115178387703               0.01621081567559071               0.3285356125899599               0.019185299625181586               0.1557355391939172               0.0049845076491462905               0.16334728473900942               0.005791333083173588               0.35238156347711347               0.018008292294606335               0.1964990425008871               0.014788314425606353               0.1558825209762264               0.005005574221583625
0.5011224555028524               0.020842583811263575               0.3472808032277265               0.022907969389262244               0.15384165227512597               0.004788573164985366               0.17223356467013326               0.008992832540235817               0.32664397982701426               0.019274963433986606               0.17287177052065747               0.016293735337776758               0.15377220930635685               0.004812163350471718
0.46582227525564796               0.01678799961500682               0.3248313725463458               0.021446921494793943               0.14099090270930215               0.005723137081605468               0.16601896346712652               0.013359212694253343               0.36815876127722547               0.020682668383770083               0.22738785993717028               0.015571354116349988               0.14077090134005518               0.005719591332083363
0.40570374379375196               0.015457117925119666               0.28702088851666885               0.02275083482266628               0.11868285527708308               0.008203664905223946               0.15863009907883563               0.015543921717571482               0.4356661571274124               0.025283687210557706               0.317352071488228               0.02130425748998996               0.11831408563918437               0.008191677135407518
0.34800208014204514               0.015139272200162429               0.2552508525905524               0.020712139738425353               0.09275122755149276               0.010740673764967675               0.14571458985853555               0.0171966596202027               0.5062833299994194               0.030975239754414675               0.41393086795356326               0.03288067745587406               0.09235246204585607               0.010708973776467137
0.2787953734905823               0.010841270139768485               0.20691779217319               0.015392895383674806               0.07187758131739228               0.008107907834140761               0.1087238326373314               0.013797675183055304               0.6124807938720862               0.02002223407958229               0.5409864459033826               0.022626859781629073               0.07149434796870374               0.008094008938302111
0.22943229933240405               0.012661763647132186               0.16944439383881565               0.014722883199262666               0.059987905493588456               0.007911154955492345               0.09725470891922366               0.01677508389190932               0.6733129917483722               0.025886239319972058               0.6136758038914296               0.029630423165547353               0.05963718785694262               0.007895385747353422
0.19858050531808832               0.010932048238420117               0.15424030313338905               0.010282830908301566               0.04434020218469925               0.005851519821875232               0.0686172093206343               0.011218792627365862               0.7328022853612775               0.02133287502800103               0.6888094035519461               0.024015069276016994               0.04399288180933122               0.0058224678236225924
0.1553805284526793               0.005136141813257786               0.12171316789922104               0.0067304429363326135               0.03366736055345824               0.0049506649694574635               0.04226769726741762               0.0038220237746173637               0.8023517742799031               0.008459910061809933               0.7690275639390691               0.009176435782040122               0.03332421034083398               0.004898985740104392
0.12651216101322077               0.0028712805662654576               0.09721355104796645               0.004002525376870056               0.029298609965254296               0.004372129616974479               0.02996743350286004               0.0016461110872014162               0.8435204054839192               0.003841040413161356               0.8145434528914691               0.0060274917237821               0.028976952592449968               0.004323542216251487
0.13334579068118715               0.01098994870590827               0.08871275791425257               0.00851529851590239               0.044633032766934554               0.00981204720472693               0.04892621004783894               0.0129154046644317               0.8177279992709738               0.017619536704933384               0.7733938446972377               0.026655750225455997               0.04433415457373615               0.009781696552706113
0.09071447144390013               0.003892861565730648               0.06991256920856673               0.0036520180779258103               0.020801902235333382               0.003414001232267996               0.020263643175053435               0.0009089575020913174               0.8890218853810463               0.004332628137579884               0.8684609662811633               0.006601672843168809               0.020560919099883068               0.0033715413245420838
0.08268177929642198               0.0028281067876038814               0.06690782916468249               0.0018091102761232667               0.015773950131739482               0.0031024960303539274               0.016214370987791903               0.0006138118310277946               0.901103849715786               0.003018045047188733               0.8855638426087629               0.005591889028195742               0.015540007107023112               0.003061444042310778
0.06919455211898881               0.0023720334413122202               0.05551011303279814               0.000914823638261203               0.013684439086190683               0.002729594287411425               0.012169068846266395               0.00021667970378519834               0.9186363790347448               0.0023733850481171548               0.905166273097428               0.00495580144132395               0.013470105937316812               0.002693750451033855
0.054454538489923154               0.0016614672572250813               0.040206804336372026               0.004487078618920617               0.014247734153551132               0.0042108098145682135               0.012253033425017741               0.0019849426966679945               0.9332924280850591               0.0021671236978023233               0.9192202826966401               0.006136725758896117               0.014072145388418967               0.0041942259231182635
0.05312100478110053               0.0020512883174156273               0.043966304908554105               0.000952038434256119               0.009154699872546421               0.0017957137235126226               0.0082135599559119               0.00024014715789610842               0.9386654352629875               0.002189141156995025               0.9296666286111843               0.0037975986970195537               0.008998806651803104               0.0017663351974927762
0.046704251650881615               0.0016908912041192039               0.038504988138446425               0.0006321779681837667               0.008199263512435186               0.0015620715934088131               0.006455357895430674               0.00013652381029024651               0.9468403904536877               0.0017552498567293979               0.9387875620100014               0.0032066726830550477               0.008052828443686478               0.0015345642961392748
0.041711404558835145               0.001484477805043781               0.03417922734220142               0.00044740281337339865               0.007532177216633731               0.0014181042154763712               0.005173272345187899               7.733465190756726e-05               0.953115323095977               0.0015145132793427996               0.9457207229092524               0.002861698030603701               0.007394600186724587               0.001392507704693593
0.03773330729236897               0.0013565051068385287               0.030692666902179522               0.0003541858110689551               0.007040640390189448               0.0013156500793062098               0.004266412494676866               5.428097922175679e-05               0.9580002802129541               0.0013751959332530303               0.9510892285299212               0.002636515270026399               0.0069110516830328764               0.001291783567710611
0.03449068484040131               0.0012759925104132768               0.02777424843461742               0.00029745695507344517               0.006716436405783892               0.0012583899540151813               0.003641872278166233               4.1225955029176014e-05               0.9618674428814324               0.0012880696497402555               0.9552731531496471               0.002501600680732738               0.006594289731785341               0.0012361602535422116
