0.008425277582496062               0.0007989935145019392               0.0013529674070417682               3.874178853888395e-05               0.007072310175454293               0.0008037183795234057               0.0033355051694790574               7.603303950170533e-05               0.988239217248025               0.0007972155440347616               0.9791559138839343               0.0016581429376898685               0.009083303364090467               0.0008647667071419828
0.01112477186091453               0.0011925512557688857               0.0015410655255934519               9.925447284159968e-05               0.009583706335321076               0.0012531192272060186               0.0027810140188287095               0.00010858604186559245               0.9860942141202566               0.001138985273962709               0.974748012218438               0.0023759845309041443               0.011346201901818675               0.0012406259307608657
0.009078530091911738               0.0008979069812473671               0.0019306167817057251               9.452999357066041e-05               0.007147913310206014               0.000833031181447189               0.002824812060434291               0.00011968560281194055               0.9880966578476539               0.000989236109922492               0.9794780985689423               0.0019032653098065924               0.008618559278711713               0.0009183191988043936
0.010169939469819               0.0009909707542991159               0.002325850391706096               9.491229463406446e-05               0.007844089078112907               0.0009227566932017436               0.0026449757071763547               9.398052458994008e-05               0.9871850848230046               0.0010656412380281274               0.9779891718984436               0.002053335326487476               0.009195912924560956               0.0009910664545779168
0.010026100345294709               0.0011473817198235142               0.0026206690498296334               0.00012824697924591327               0.007405431295465077               0.001036711716624849               0.002795225502970588               0.00011054312507479498               0.9871786741517348               0.0012475721128565216               0.9785957326334336               0.002359772358062971               0.008582941518301246               0.0011155394079309007
0.011589205396268306               0.0013454779278837745               0.003121466743286859               5.7973416332581165e-05               0.008467738652981447               0.0013196125073799362               0.0034929266560380355               6.162200863489337e-05               0.9849178679476935               0.001382627975443918               0.9753806545357386               0.002754859252230775               0.009537213411955014               0.0013753856676237768
0.01317921819726412               0.0009056967732579876               0.0035383714130641395               0.00032359880597171035               0.009640846784199979               0.0010838493275229203               0.004184141092505368               0.0001919720972623169               0.9826366407102304               0.0008592052026541648               0.9720512130577166               0.0019127320273959049               0.010585427652513812               0.0010942891641558654
0.014526323728110472               0.0013018193595383623               0.004752511817421341               0.0001771153461847868               0.009773811910689132               0.0012051628519727773               0.004583972153859209               0.00014418789017459297               0.9808897041180303               0.0013963487547770715               0.9701467382586408               0.002666186940377275               0.010742965859389442               0.0012804157228935857
0.018717852761171973               0.0016119510133197968               0.0057504017374763235               0.0001675820008854467               0.012967451023695648               0.0015938433020166792               0.0047245016819354845               0.00011578703624773643               0.9765576455568924               0.0016441985946311186               0.9626056062082327               0.0032927954308894472               0.013952039348659772               0.0016569917294890562
0.020231187224877305               0.0018800616505481981               0.006781197660311532               0.00019173104686231866               0.013449989564565773               0.0018081456567371897               0.005129670195142068               0.00012899403721899701               0.9746391425799807               0.0019435293700463413               0.9602491821697265               0.0038231651261312993               0.014389960410254265               0.0018887347741553438
0.025287795941385527               0.0022245140445337967               0.007811091922080554               0.0002726641591878576               0.017476704019304973               0.002328290566203062               0.00613105915622102               0.00017743422069671066               0.9685811449023933               0.00218677239957503               0.9501927181102785               0.004553176583484578               0.018388426792114953               0.0023829640508067984
0.020804420772584806               0.002089798462747213               0.008785562973881042               0.0006985777317154798               0.012018857798703762               0.0017167001044574718               0.007683146642747568               0.00045687426343503677               0.9715124325846676               0.00243046149658506               0.9587569453092456               0.0041228739887739455               0.012755487275421983               0.001789347647455104
0.028379480500666847               0.0023776115689516162               0.012337274130857704               0.0005063334392266351               0.016042206369809145               0.0021774472809173114               0.011227732216275656               0.00039854694843604953               0.9603927872830577               0.0026130103720379667               0.9435358798396306               0.004799276845983437               0.016856907443426893               0.002248381662043258
0.0369503363382229               0.0028957510032159572               0.01589218744890088               0.0005915282746350628               0.02105814888932202               0.00275267822044282               0.014578668086174338               0.0004714927413200615               0.9484709955756028               0.0031107909255498507               0.9265453707433053               0.005852530676954139               0.02192562483229742               0.002822382040352809
0.04771505219341633               0.0035157060230181928               0.02008361077179145               0.0008436903576260931               0.027631441421624887               0.003437913450373765               0.017872581205651734               0.0006364592282183642               0.9344123666009321               0.0037301699216603437               0.905878040062239               0.007095262232945732               0.028534326538692877               0.0035052093596954553
0.05997943131210163               0.00461413407052401               0.024433622764295553               0.0016814570122615571               0.03554580854780607               0.004229756447236668               0.021104523300504188               0.0011380519829908063               0.918916045387394               0.005188803023652264               0.8824784415075024               0.009127327566502986               0.036437603879891665               0.004304021045426582
0.07374457350463146               0.007498976310607245               0.03331787691748294               0.0016738737617398055               0.040426696587148515               0.007326916331895995               0.027291211791992544               0.0012175380195789507               0.898964214703376               0.007925507092208873               0.8576340861084837               0.015084447865845941               0.04133012859489223               0.007415822317310347
0.09905776046605667               0.007922661089240472               0.04490904094167027               0.0028490629995190763               0.054148719524386414               0.00891031023695912               0.03737458024289384               0.0019808629981366154               0.8635676592910496               0.008020398719012363               0.808513342793969               0.016343814918618468               0.05505431649708048               0.008984388978374367
0.13104568218384177               0.00739047162520004               0.0623411743681944               0.006049775022657611               0.06870450781564734               0.009933789921580397               0.05610211668520828               0.004241564258000678               0.8128522011309501               0.008468385455199894               0.7432948745398359               0.015432309377632809               0.06955732659111416               0.009989527184890833
0.17359170120787698               0.012964668877453024               0.08965725907664397               0.012576494612384902               0.083934442131233               0.008587506405199353               0.08786347462746592               0.008970856013474401               0.7385448241646573               0.02068529669808187               0.6538664812427851               0.023335701260175045               0.08467834292187199               0.008650167329220955
0.2438146042672456               0.018944770686540362               0.1305196019080015               0.018737011465625553               0.11329500235924406               0.009637507680131302               0.13040852324465665               0.013932747033406363               0.6257768724880979               0.03175328946009695               0.511928057779033               0.0338197926139694               0.11384881470906469               0.009683078159218896
0.31418615197003275               0.025202432951744326               0.1755614663862884               0.026928161366021254               0.1386246855837444               0.009314600386160367               0.17120317995399298               0.017835700903134112               0.5146106680759741               0.04182416103609334               0.37576753792962103               0.04110684796098112               0.1388431301463532               0.009331189246169292
0.3544170478899544               0.02714761006761026               0.2068369148556714               0.03280912974368958               0.147580133034283               0.0076274888079354885               0.19530545655220935               0.018876026672551793               0.45027749555783625               0.0445853015564364               0.3028392864616389               0.03868528121763368               0.14743820909619743               0.007619739869584794
0.3280297231483635               0.015836341595542813               0.19969621619684633               0.024866816778882386               0.12833350695151716               0.01037032679791838               0.18433888027917536               0.014394895926281067               0.48763139657246113               0.028771833033842377               0.3596694493162348               0.022592982254329496               0.12796194725622637               0.010339494928471953
0.2522557664815407               0.013015937919374757               0.1611011901794624               0.012957830758032246               0.09115457630207827               0.01327498136303444               0.14883252534104227               0.011210061219487897               0.5989117081774171               0.023705893359367177               0.5081989708673105               0.032418659586811796               0.09071273731010657               0.013253228195545313
0.16922640603003475               0.011203490590632205               0.11445990382995164               0.007845693001312236               0.0547665022000831               0.009283010641339566               0.10511677521307675               0.009997438455396546               0.7256568187568886               0.020419514721485253               0.6713228228941013               0.027658621169623834               0.054333995862787365               0.00924921056240279
0.10690107816321574               0.005063563825626379               0.06857015092217025               0.005059861479953367               0.0383309272410455               0.006514859706639189               0.0716908997259337               0.008843294303207528               0.8214080221108506               0.012040349179665474               0.7834529535095383               0.0170208301781808               0.03795506860131229               0.006496571319766975
0.09794483497443884               0.012025622119251978               0.05807302905965435               0.006115179377015556               0.039871805914784515               0.009457016988126446               0.07193497871402278               0.008729445044687527               0.8301201863115384               0.020109615209837686               0.7905783054889064               0.028444830305303623               0.0395418808226321               0.00941723810276983
0.07580357918842874               0.006532328855503332               0.052090792636354924               0.0029524006153477615               0.023712786552073803               0.004282626802232443               0.04578418967558822               0.004900050602464126               0.878412231135983               0.010174412453667353               0.8549921976927146               0.01368151494724761               0.02342003344326844               0.004243197025275088
0.05418693035969154               0.0038430866706422894               0.038580774658134795               0.0014457301013126901               0.01560615570155675               0.002773865354895705               0.02603146200471902               0.0013958440116314409               0.9197816076355896               0.004981355410804499               0.9044601051103592               0.0075312216231988955               0.015321502525230225               0.0027496309709618494
0.04260082034447156               0.0027786041596593344               0.029969884803173495               0.0008392090982422538               0.012630935541298072               0.002200460372602832               0.01781772910882893               0.0006636635524811623               0.9395814505466996               0.003329818519940143               0.9272137218084909               0.005424738893164788               0.012367728738208595               0.0021817529209332658
0.03503124301397938               0.002227556704622787               0.02415134003325111               0.000535327007249348               0.010879902980728263               0.001922651563775025               0.012984560727030737               0.00036926113712496374               0.9519841962589899               0.00252004908614184               0.941344698897009               0.00437672462761137               0.01063949736198092               0.0019075163144839501
0.029582781652139522               0.0018952487656928635               0.019843597898745367               0.0003792265763482469               0.00973918375339416               0.0017854838627772282               0.009849958814662467               0.00022459633508816176               0.960567259533198               0.0020482959992475375               0.9510444665265636               0.0037845359634010806               0.0095227930066344               0.0017737783240563553
0.02434322623778163               0.001433317714006093               0.016061841061818554               0.0005148350320695688               0.00828138517596308               0.0015125761069698497               0.007581553339772819               0.00017716073294201688               0.9680752204224456               0.0015103709299903315               0.9599716246406528               0.0029368018775744703               0.008103595781792716               0.0015032102874578115
0.029086024640705376               0.00916183563971321               0.018969464946954527               0.0034621595279028116               0.010116559693750847               0.006265925635514659               0.013462655549670544               0.007503997409804457               0.957451319809624               0.01661715692330233               0.9474891588471316               0.022676602232650597               0.009962160962492573               0.006239662739898573
0.018902559605482153               0.0013245507932344062               0.013814849390772618               0.000770839970373481               0.005087710214709532               0.0011338320660496822               0.005597383969653038               0.0004391527964853883               0.9755000564248648               0.0016325830390363527               0.9705534965185519               0.0025208019809054667               0.004946559906312831               0.0011115128212603742
0.016395928076173773               0.001105372973033236               0.011631257005254813               0.0004693899047282172               0.004764671070918959               0.001152642134898312               0.004228298361223791               0.0001951538045286392               0.9793757735626023               0.0011809109462246027               0.9747373841670035               0.002224608848958996               0.004638389395598919               0.0011389207515713803
0.022945593648853305               0.009131673745195652               0.01374002391098932               0.003144438432411621               0.009205569737863984               0.006637764210071954               0.010188775967800445               0.006408958587273499               0.9668656303833462               0.015154818340302042               0.957765642695559               0.02149730334766223               0.00909998768778728               0.006634597856304777
0.012621148192660317               0.001037076801132547               0.009689558695237854               0.000449280941809673               0.0029315894974224635               0.0009054791719963392               0.0028884879157264434               0.00016605337807776228               0.9844903638916133               0.0011312571662619444               0.9816599335201438               0.0019340234191462884               0.0028304303714693836               0.0008813412442270352
0.011227493635717591               0.0008906817307486865               0.008509296447499797               0.00027939489004008767               0.002718197188217792               0.0008506745740030049               0.002299590124583142               8.358202138701591e-05               0.9864729162396992               0.0009229817242586794               0.9838482334646471               0.0017176446376703071               0.002624682775052023               0.0008292192421206935
0.010279963202391867               0.0008997169667139441               0.007571294940069459               0.00020406084060305585               0.0027086682623224077               0.0009209782242868018               0.0019228077770827349               5.466159444970928e-05               0.9877972290205254               0.0009062208612946185               0.9851732847912504               0.0017918607703232767               0.0026239442292749103               0.0009032650574572369
