0.010040910439586851               0.0006960863685077283               0.0012830007667358901               4.870561904768508e-05               0.008757909672850962               0.0006602700624801214               0.0031872415168660686               9.774631547461241e-05               0.9867718480435471               0.0007745418251235948               0.9757592156144709               0.0015140623995572723               0.011012632429076153               0.0007433858005557657
0.013673267723213412               0.0011026088768519768               0.0013499017751798321               0.00012676573888143467               0.012323365948033578               0.0011531938197803504               0.00252023280580982               0.00014441389054692987               0.9838064994709768               0.0010604510918094017               0.9696348125788813               0.0022167407707032196               0.01417168689209548               0.001162208457884122
0.008433449968425138               0.000830007505815574               0.0016729192063298034               7.553409863995841e-05               0.006760530762095335               0.0007791502620669305               0.0024941067602576674               9.037927878978528e-05               0.989072443271317               0.0008976799126518018               0.9809316385826223               0.0017383237544240774               0.008140804688694814               0.0008461465802836078
0.010838984083683528               0.0013024376275951766               0.0021264910001857528               6.0447043477169374e-05               0.008712493083497776               0.0012807362717434424               0.0024373317006599537               5.5919812281591745e-05               0.9867236842156565               0.001326531834914148               0.9767144060284949               0.0026618467784058322               0.010009278187161652               0.001338125677670998
0.00832207561373254               0.0009206155998476274               0.0021362578188766643               0.0001972412816347395               0.006185817794855876               0.0008529021974559952               0.0023487204553071257               0.00017479316487958993               0.9893292039309604               0.0010179980939546273               0.9822327454790823               0.0019100964771914235               0.007096458451878118               0.0009119250275512746
0.010160380007628618               0.0015352387933271552               0.0026978203561867425               0.00022796587150308964               0.007462559651441876               0.001463448621646531               0.003071618317498674               0.00020632250204457325               0.9867680016748729               0.0016402253565014546               0.9784905713846006               0.0031414233660198554               0.008277430290271948               0.0015177280587273623
0.011288727269370141               0.0018542064545126516               0.003074712666888889               0.00020428098662334806               0.008214014602481255               0.0019025504708693798               0.0037298002014284582               0.0001849798956203075               0.9849814725292013               0.0019455013418833603               0.9760779701130321               0.003883554431835311               0.008903502416169362               0.0019503575705487018
0.010947096475398165               0.0016444486497550796               0.0040816908325254616               0.00014331947635160753               0.0068654056428727045               0.001529680739602212               0.003994120652420147               0.0001345497711412157               0.9850587828721817               0.0017602172138202739               0.977559190876676               0.003348661255233789               0.007499591995505572               0.0015923270172494906
0.014971122908935212               0.0023248288180835043               0.005031422727757434               0.0001631332975077893               0.009939700181177777               0.002353065222833751               0.0041827673228020225               0.00011263608348786653               0.9808461097682628               0.002338850062939399               0.9702717788620049               0.004731304207615288               0.010574330906257933               0.0023998427066989343
0.01390545058572224               0.0024211580639992556               0.0059812249617009795               0.00023301999578393285               0.00792422562402126               0.0022757626098407644               0.004538744998702671               0.00017001499379162762               0.981555804415575               0.002543545541988313               0.9730977730831155               0.004855242572085133               0.008458031332459693               0.0023212118730504723
0.01842529808255416               0.0033836687053358126               0.006978613744988232               0.0002823560749322669               0.011446684337565929               0.0036059366373467428               0.005480321337740754               0.00017027792427601698               0.9760943805797051               0.0032770026745952943               0.9641421784574588               0.00689488054936128               0.011952202122246337               0.0036240170114631184
0.013839818578379157               0.0009749482260959743               0.00840452628912928               0.0004591910519885052               0.005435292289249875               0.0008474583021464738               0.007214165754320841               0.0003180665562174345               0.9789460156673               0.0011758196372029079               0.97316726460326               0.0019180299820814584               0.0057787510640399               0.0008679604797485846
0.018711112480339916               0.0012690196958491085               0.011578992283020378               0.00037566950010520684               0.007132120197319536               0.0012356117265291432               0.010443629820964754               0.0003014707517416948               0.9708452576986952               0.0013991447086071861               0.9633389803237128               0.0025725853618700566               0.007506277374982518               0.0012567531852624419
0.02461235559878833               0.001648118194343748               0.01508924146731054               0.00046325880460057               0.009523114131477791               0.0016648568003071267               0.013701433389478226               0.00036999695337449473               0.9616862110117333               0.001769911073597387               0.951763677276517               0.0033539910778663685               0.009922533735216432               0.00168433474385313
0.03231149525924172               0.002060412549128585               0.019475143595805954               0.0006894021619523685               0.01283635166343577               0.002178217209791167               0.017089630696079446               0.0005059682458236503               0.9505988740446789               0.0021833745845317664               0.9373450920485876               0.004212753263859691               0.013253781996091308               0.002193747910899095
0.04182732924576494               0.0024711287915664586               0.024704452890015834               0.0013360774459354812               0.017122876355749106               0.0025699544210336135               0.020815727615272426               0.0008560985077358645               0.9373569431389626               0.0028456349747920085               0.9198219226293082               0.0049805378670211295               0.017535020509654487               0.0025800195783376124
0.052263105731252466               0.004008962815057701               0.0346244265456913               0.0014746431232599408               0.01763867918556116               0.0033868946000595542               0.027507757950810174               0.0010054596377580525               0.9202291363179373               0.004733108678772697               0.9021908174764833               0.007891896827219394               0.018038318841453915               0.0034237652420378998
0.07423000151237644               0.005438032530682059               0.04949543442195458               0.0020348986998761456               0.024734567090421853               0.005030376807290327               0.03947353271853158               0.001355013403440129               0.886296465769092               0.006262293957170856               0.8611493459303515               0.010886912765172105               0.02514711983874044               0.005065112391978499
0.10720621625989898               0.0069828080312724266               0.074445252559314               0.003792272624510941               0.032760963700584976               0.007486804442707958               0.06314911089247228               0.002361066133889036               0.8296446728476287               0.008056945766184665               0.7964799645552343               0.01433772432106538               0.033164708292394394               0.007513345831015116
0.1605533740058744               0.008154829732948945               0.11821977725120178               0.007788871372635071               0.04233359675467265               0.007030601073540153               0.10678541597579619               0.004786315047536389               0.7326612100183294               0.011926207074259166               0.6899673216261204               0.015064821957278122               0.04269388839220904               0.007043196968421819
0.257960343631597               0.010202511639243003               0.19436717264170328               0.012789926602790309               0.06359317098989371               0.009246577703959038               0.17619647594178717               0.008232479581778123               0.565843180426616               0.017093613980619687               0.5019510752094384               0.01778999226726336               0.0638921052171775               0.009246433826521556
0.38471718618870054               0.014762049603739972               0.2972329869048805               0.022293941424695003               0.08748419928382015               0.010376239691560431               0.25402763006782936               0.013523085644788619               0.36125518374347               0.027481028517465263               0.273637860606667               0.02123111103516286               0.08761732313680302               0.010352591595839787
0.45326150260696074               0.015087533578337683               0.3572048460365266               0.026323188723046644               0.09605665657043422               0.011494887523513549               0.28396621466436833               0.014572223316701298               0.26277228272867076               0.029107044988796908               0.16681131258571713               0.017894720459478944               0.09596097014295366               0.011448875414432163
0.3767972906268462               0.010074145398744393               0.3048336826853929               0.017125257200096087               0.07196360794145333               0.011386016873146202               0.2319536310520879               0.0089722806845469               0.3912490783210659               0.018270710423929092               0.3194913650271841               0.018424002402141613               0.07175771329388178               0.011335753341449324
0.2471844483229368               0.010634705883279773               0.20746874123127745               0.007291861527082479               0.0397157070916593               0.007063057889876504               0.1592622694366094               0.012279518276032011               0.5935532822404539               0.022401539115927467               0.5540153707744674               0.028057174133876157               0.039537911465986564               0.00703468222636223
0.15214817544837092               0.008239281647926174               0.13337411865261098               0.008281479972602047               0.01877405679575996               0.002633487312450477               0.10133280743567949               0.009673696353063753               0.7465190171159495               0.017703596997827867               0.727874593454089               0.018110858223900936               0.018644423661860587               0.0026233274400022898
0.09775663676708303               0.003541794346578423               0.08311716577828418               0.0051953134238459445               0.014639470988798873               0.00294170335737351               0.06707366812392082               0.003292730895820942               0.8351696951089961               0.006317249393621077               0.8206513011263906               0.005829506213933027               0.014518393982605548               0.002928250844302039
0.07273557185871322               0.0025320584641942297               0.0619582187333251               0.0031700385574439187               0.010777353125388129               0.0040313134201226345               0.05226241751987837               0.004526925245950205               0.8750020106214083               0.006703903305338174               0.8643227363187744               0.010178546134667094               0.010679274302633901               0.004022168905099133
0.054177865547085945               0.002456332751403202               0.04859909177734777               0.0013639522527999516               0.005578773769738173               0.0020214993596196448               0.03649932290622762               0.0047762196432280645               0.9093228115466865               0.007182396693858507               0.9038273231482175               0.008862060781815539               0.005495488398469117               0.0020122846019384817
0.04087536750417579               0.000990234757064714               0.03715531321645903               0.000903457838286188               0.0037200542877167597               0.0009043008234954363               0.023528705284067784               0.0009529619718228003               0.9355959272117562               0.001804964831742302               0.931957309735256               0.00219341433420588               0.0036386174765005276               0.0008921880453770686
0.0327248001422731               0.0006778044914632325               0.02948806494007471               0.0004990745946486082               0.0032367352021983966               0.0008072629314863081               0.016876932796708214               0.00034956342547320273               0.9503982670610187               0.0008466474406857614               0.9472380093619895               0.0014191596080201487               0.0031602576990291233               0.0007965196634255574
0.02699669820190263               0.0006149667851757134               0.024078104063257697               0.0003361674338050944               0.002918594138644937               0.0007658382301340986               0.012584796523797497               0.00018674161982760375               0.9604185052742998               0.0006389592225614605               0.957570443871467               0.0013044220234310156               0.0028480614028329244               0.0007565545996949772
0.02275286866494242               0.0006219488870776693               0.02002446779264676               0.00026255115325424526               0.002728400872295659               0.0007842339096773697               0.009689032475463164               0.0001185060361241655               0.9675580988595943               0.0006006277056976322               0.9648936064573459               0.0013381186733172996               0.002664492402248564               0.0007764793685565119
0.019256370123891815               0.0006229335609802357               0.016689007243396177               0.0003530129164432025               0.0025673628804956388               0.000905028270374951               0.007593423997352083               0.00010255875300906206               0.973150205878756               0.0005712936564069491               0.9706350146191228               0.0014399752818990289               0.002515191259633387               0.0008997086775881565
0.018631634806456156               0.003861883748070383               0.01563088095879121               0.0009844772329632614               0.003000753847664947               0.00308915931907267               0.011534533553785179               0.008937770548608767               0.9698338316397587               0.012763339442558263               0.9668705350492452               0.015840609879603135               0.002963296590513298               0.003091776967161877
0.014223508217171504               0.0002512458521514916               0.013135836581677584               0.00021443180323948584               0.001087671635493915               0.00021561961827086897               0.00513416601481521               0.00012680779098295944               0.9806423257680134               0.0003382103936186014               0.97959257568534               0.00045074375248919257               0.0010497500826735172               0.00021004343045016944
0.012446624090161576               0.00021467686694710597               0.01141245421955002               0.00011002387677801662               0.0010341698706115559               0.0002061310415982615               0.004053552192722086               5.023596716305248e-05               0.9834998237171163               0.00023760089570671602               0.9825005061730637               0.00041167004466907204               0.0009993175440525138               0.0002015201852144877
0.01200294601767453               0.0012907026575371486               0.010373358120485262               0.0005259876637857691               0.0016295878971892685               0.001037488286886533               0.004869021306002327               0.0019460724919541958               0.983128032676323               0.003078674703225173               0.9815282734065484               0.004094599251765748               0.0015997592697749585               0.001037148905887756
0.009790928841758875               0.0001522673953302588               0.009080592924630601               9.506676913509483e-05               0.0007103359171282736               0.0001590071022895864               0.0026479752578093103               3.4026674749227624e-05               0.9875610959004317               0.00016396930166720484               0.9868783363172433               0.0002909256975301165               0.0006827595831884192               0.00015324726065188565
0.008829991806096978               0.00014523988710335822               0.00814608702104119               6.584531136181715e-05               0.0006839047850557871               0.00015776067107168613               0.0021779923412413747               1.877459642964902e-05               0.9889920158526616               0.00014688752024531938               0.9883339305615483               0.00028783640868294694               0.0006580852911134638               0.00015249672113555796
0.008057580151230878               0.00015175606625518684               0.007362871457081453               5.394136672319224e-05               0.0006947086941494245               0.0001711637778494307               0.0018547547808089857               1.3834172060422782e-05               0.9900876650679601               0.0001501668778399329               0.989416552176694               0.0003105289814043799               0.0006711128912660457               0.0001668050326853159
