0.022390730272722516               0.001692005797372923               0.0023335159999837304               0.00016007661746254314               0.020057214272738783               0.0016621556240416903               0.007082482368243497               0.0002875765366229375               0.9705267873590339               0.0018297615422899181               0.9510402058234237               0.0035751002992974153               0.019486581535610236               0.001774988925883912
0.023500006283386228               0.0028565352161689993               0.002628854135576936               0.0001286312629237661               0.020871152147809293               0.0027503184532021827               0.005886816810366713               0.0002183588192231213               0.9706131769062469               0.003037950997559427               0.9513416716626584               0.005831655102685156               0.01927150524358854               0.0028068697554785153
0.022000284470462636               0.0017156581936666217               0.0030695991010176674               8.228342477638771e-05               0.01893068536944497               0.0017091092921267083               0.005907693100357419               0.00012396221358606027               0.97209202242918               0.001733176792312664               0.9551677706827331               0.003457474292147902               0.016924251746446815               0.0018073065910021507
0.025325778058041187               0.0016009615219666918               0.003097743439066024               0.0003081153476615508               0.022228034618975167               0.0014803946560452638               0.0051803386131067004               0.00030152431973016255               0.9694938833288521               0.001764031504814504               0.9495372611218447               0.0028233001108696324               0.01995662220700749               0.0014280293965441486
0.030942790865565596               0.0014604415005825778               0.003889505196224468               0.0002578453481934549               0.027053285669341127               0.0014327696587529218               0.006081202842406978               0.00021556214902434607               0.9629760062920276               0.0015459706904740484               0.9391536832716889               0.0030174919570716374               0.023822323020338453               0.0017591948506878116
0.03211051017042576               0.004259863161926984               0.0040873162355977025               0.00018803986698506326               0.02802319393482806               0.004250957957466697               0.006985896113164003               0.00024083813877357393               0.9609035937164101               0.00431736163977509               0.936015216213282               0.007851006900455823               0.024888377503128202               0.0036488510062372497
0.033489935652576415               0.0037018571254478893               0.004882053222011029               0.00025139245900545725               0.02860788243056539               0.003733478413831534               0.00839551998764719               0.00022684770453152008               0.9581145443597763               0.003769045405091701               0.9334633693294485               0.005921306612249111               0.024651175030327856               0.002252713208415991
0.03513805949688407               0.003969090669245147               0.006294323555139797               0.0003032658263955467               0.028843735941744268               0.004005088288764301               0.009355818803860966               0.0002476037532944087               0.9555061216992549               0.004000460793619954               0.930904532022389               0.007578362754437938               0.024601589676865897               0.003769080394328713
0.039344417322813165               0.003764607988270654               0.007144910568620423               0.0005293991899209112               0.03219950675419273               0.003619336102509571               0.009345402139370806               0.0004002798212230591               0.9513101805378159               0.0039117782225756405               0.9244032574670072               0.006156998916454891               0.02690692307080873               0.0025720586597090516
0.042419437720629734               0.0035664199935093437               0.007996971154224302               0.0006845865554686728               0.034422466566405435               0.0033926599283173944               0.010053295919725294               0.000472612601599101               0.9475272663596449               0.0037282367239021784               0.9175446139389702               0.006332169340201424               0.029982652420674716               0.003022449242627065
0.04849305470933913               0.004057899987466954               0.010581243479660428               0.0007302197307540088               0.03791181122967871               0.0041385275448192526               0.012952917733547361               0.0005577875204844818               0.9385540275571135               0.004088109611508253               0.907558587765364               0.006865565153713399               0.0309954397917493               0.003358944553218938
0.0540190161861412               0.0061843472365247405               0.012786605812333141               0.0011373703911862312               0.041232410373808065               0.005328189059549138               0.017322433570021178               0.0010442767865524985               0.9286585502438376               0.007004101757808491               0.895673587558082               0.010077976389534858               0.03298496268575564               0.00330096577168119
0.06054176082632791               0.005505991213046996               0.014397900998551694               0.0010238278419074846               0.04614385982777621               0.005060226837054472               0.022597579936553633               0.0010337794750486674               0.9168606592371183               0.006110882521255913               0.8782095582619182               0.010522069455653557               0.03865110097520026               0.004906982983190862
0.07864438792543821               0.007840397542418704               0.02113136272321181               0.0014484002849006175               0.05751302520222641               0.007244668831185355               0.031126828568073785               0.0014341710458743325               0.8902287835064879               0.008362797040236052               0.8428730511446598               0.013873151844330427               0.04735573236182815               0.006164167256332765
0.10641136057070436               0.009806993438801065               0.026271427794641457               0.0023009552890928416               0.08013993277606288               0.009422647217588327               0.0380843582639601               0.0022692437206904914               0.8555042811653355               0.010224640495346455               0.7895059899561684               0.017155171757603036               0.06599829120916725               0.007973938576982998
0.1222392267977177               0.01027754265637417               0.03165916378161539               0.0036405071557469317               0.0905800630161023               0.009084438780230564               0.044922079778960004               0.0037620984876167453               0.8328386934233223               0.012267240069005349               0.7580051897016371               0.019215163171906285               0.07483350372168514               0.009063153113884583
0.14685193072889904               0.017707407318327574               0.03580329834071111               0.006478572224450334               0.11104863238818793               0.01288600284644522               0.05417719241829451               0.0058467089579917406               0.7989708768528064               0.02243647993074165               0.7049130848839832               0.03115003138261516               0.09405779196882326               0.011130095598660386
0.17749512046956742               0.018472621101186935               0.04805736053127878               0.007005712668783127               0.12943775993828863               0.014445583326894619               0.0746662494424004               0.007127938741548278               0.7478386300880322               0.023946593677269045               0.6344413864282925               0.03261026782221976               0.11339724365973965               0.011755488571210766
0.23383688989661872               0.02157099483270994               0.06835373810020737               0.0072011384364937285               0.16548315179641135               0.017669723183045702               0.11197871341007515               0.008948370811222819               0.6541843966933062               0.027724774265765098               0.5114948947346638               0.03849931287355897               0.14268950195864225               0.014303229615531947
0.29045124873987016               0.016620082306433883               0.0817125342918941               0.007352339964313102               0.20873871444797612               0.015028314634397235               0.16092310781242053               0.01069049806106856               0.5486256434477093               0.02323935258680959               0.3706660352366973               0.029411135135489593               0.17795960821101203               0.01466693709030692
0.3196460284964126               0.016770347547160263               0.08736815950068304               0.009988843712877584               0.23227786899572953               0.010457654338393687               0.22279477342241502               0.010604931188613964               0.45755919808117246               0.025577973339233964               0.25999907616707996               0.019055776809612363               0.1975601219140925               0.016411180622678274
0.34899898539233437               0.023874924761579392               0.08857409540664535               0.01507083376485007               0.260424889985689               0.014631243864901214               0.29134500185588447               0.012080829769324229               0.35965601275178116               0.02948159956219966               0.13809732132695607               0.023953123616407536               0.22155869142482504               0.022077841369584624
0.3422407846912588               0.027779460164951496               0.0698561157910604               0.017968602270767034               0.2723846689001984               0.0177801488581593               0.3298811887658789               0.020269276751189707               0.3278780265428622               0.03687932900106135               0.08809285279642193               0.019924153307812463               0.23978517374644032               0.02219798414382715
0.2976200975929251               0.02534543828417098               0.04652672809313406               0.01247051845065605               0.25109336949979105               0.023367030720715068               0.3180418762012451               0.023018739381284636               0.38433802620582985               0.04217156574940105               0.16245200908771049               0.03623624129139032               0.2218860171181193               0.026218356266721265
0.23475108544998916               0.024209084209320345               0.033426190071906114               0.010659017611111337               0.201324895378083               0.022047129075963234               0.2942967391928375               0.030611098578255933               0.4709521753571734               0.04420326188629601               0.2995011041909955               0.05714859537723008               0.17145107116617786               0.0258578770767573
0.16435933740441164               0.014874994518389114               0.035314462580220154               0.00518676155654697               0.12904487482419152               0.015124970980851448               0.24710782573272624               0.02475585916314918               0.5885328368628621               0.03304527768849213               0.481460273091034               0.04336877480342208               0.10707256377182799               0.015391536692524204
0.12020721275290132               0.01054690899024046               0.03286661734489969               0.007324648428483728               0.08734059540800163               0.010618953857493016               0.15929456319506405               0.031241875324880097               0.7204982240520346               0.039463383807379133               0.6503710022174991               0.04913168852338619               0.07012722183453536               0.014698756617500466
0.09904950321396254               0.012507062137634273               0.028639813630170347               0.005040039996256151               0.0704096895837922               0.011187984987460906               0.14348097854061023               0.03020580329000313               0.7574695182454272               0.042278356451233456               0.6989781558984675               0.0530552322554798               0.05849136234695975               0.012556136051564661
0.07352802312641638               0.005421911245577354               0.02748638049542313               0.00424306313509113               0.04604164263099324               0.004764606255089562               0.08923476425201197               0.022133526813709437               0.8372372126215717               0.02638577856460659               0.8030707750764245               0.028662243810495477               0.03416643754514727               0.0030955043633447868
0.053265561409371345               0.0031417774016146336               0.019915297040893187               0.002196669759285226               0.033350264368478155               0.004728232109709985               0.04556049346762572               0.005758946929881793               0.9011739451230028               0.005415736443573669               0.8767562732153168               0.005042572091411634               0.024417671907686022               0.00333106855700366
0.0451573931192043               0.0032208011975327164               0.015571394456646648               0.001446218836476517               0.02958599866255765               0.004494501492894037               0.03066839750823311               0.0026882751898420045               0.9241742093725624               0.002399968670218341               0.9018910158656912               0.004270126383855675               0.022283193506871368               0.003485023393929101
0.04985889778502273               0.007559951813713012               0.01812065925636565               0.0020940566306979097               0.03173823852865708               0.006672192180398341               0.036904833699809736               0.008488171229095457               0.9132362685151675               0.015376345692477379               0.8862303457653548               0.021468883428437478               0.02700592274981285               0.006691590122902409
0.0437860055208742               0.013856134856832973               0.011056426754343537               0.0031822983315169906               0.03272957876653066               0.012570189428937352               0.03482732543119137               0.013521683844583566               0.9213866690479344               0.026857717342076697               0.891068400707079               0.04011248408506991               0.030318268340855457               0.013611295799974997
0.027618761763227823               0.0023818564933493582               0.01174909999354228               0.0007759278917255912               0.015869661769685538               0.002902601214896176               0.016062437193582912               0.0009396612103779268               0.9563188010431893               0.0022383583218812814               0.9428306645658516               0.004469124356645945               0.013488136477337797               0.002871594654104776
0.024366395332767417               0.002671491252681636               0.009556648948872466               0.0005107787430727315               0.014809746383894951               0.0031199740596316696               0.011619615141672307               0.00045498142994005537               0.9640139895255603               0.002348443738153268               0.9516020584289114               0.005229155853937022               0.01241193109664881               0.003092285464512079
0.03405632043425317               0.019640402612083756               0.005490092242683218               0.001991302261119704               0.028566228191569953               0.01918295240312074               0.02732320264713885               0.01576063994496734               0.938620476918608               0.035166808348893255               0.9116182010023955               0.05379412364635301               0.02700227591621244               0.018725965867556538
0.014814977967664516               0.001697816074545524               0.007530907711397299               0.0005818041117068845               0.007284070256267218               0.0016062360379953781               0.008713539655424946               0.0010808532133365588               0.9764714823769107               0.0022533748813418856               0.9709303562451037               0.0026138628600602992               0.005541126131806762               0.0009873575309255905
0.013546604767837488               0.0008679236837429183               0.007377675856298146               0.00025603282681182875               0.006168928911539342               0.0010493921939712185               0.006948417745808309               0.00032769559163771123               0.9795049774863541               0.0008275560354891772               0.9746330349445522               0.0020332177631641438               0.004871942541802054               0.001375293534650952
0.012142363410301008               0.0008981931525407458               0.0064200643631061784               0.00018128108750415655               0.005722299047194829               0.0010574908439270109               0.0051525372355788945               0.00012508722747996603               0.9827050993541201               0.0008097644334309133               0.9783937041934561               0.0015049207523058963               0.0043113951606640446               0.0009900812308112315
0.01122488946507144               0.0009195280347783266               0.005728027928552369               0.00015049464434619333               0.005496861536519069               0.001055489555146449               0.004154519285237503               8.319879980861169e-05               0.9846205912496911               0.0008509489072147541               0.9805473305846402               0.0014106207372816277               0.004073260665050949               0.0008522576861304174
0.010558337307604509               0.0009534373649687237               0.005168806659821878               0.00013179630601712022               0.005389530647782629               0.0010735637773155696               0.0035043613740213244               6.405439029930662e-05               0.9859373013183742               0.000898692185295245               0.9819598909646317               0.0014230923875016388               0.0039774103537425385               0.0007782504894281548
