210.000000	2.001421	1.059411	
211.000000	2.000000	1.074416	
212.000000	1.999885	1.088753	
213.000000	2.000951	1.102456	
214.000000	2.003087	1.115557	
215.000000	2.006197	1.128085	
216.000000	2.010197	1.140065	
217.000000	2.015013	1.151520	
218.000000	2.020579	1.162472	
219.000000	2.026836	1.172938	
220.000000	2.033732	1.182936	
221.000000	2.041221	1.192480	
222.000000	2.049260	1.201585	
223.000000	2.057811	1.210261	
224.000000	2.066839	1.218521	
225.000000	2.076314	1.226373	
226.000000	2.086207	1.233828	
227.000000	2.096492	1.240892	
228.000000	2.107144	1.247573	
229.000000	2.118141	1.253877	
230.000000	2.129462	1.259809	
231.000000	2.141089	1.265376	
232.000000	2.153004	1.270581	
233.000000	2.165190	1.275428	
234.000000	2.177631	1.279920	
235.000000	2.190312	1.284062	
236.000000	2.203219	1.287855	
237.000000	2.216340	1.291301	
238.000000	2.229661	1.294403	
239.000000	2.243171	1.297163	
240.000000	2.256857	1.299582	
241.000000	2.270709	1.301661	
242.000000	2.284716	1.303401	
243.000000	2.298867	1.304803	
244.000000	2.313153	1.305868	
245.000000	2.327563	1.306596	
246.000000	2.342088	1.306988	
247.000000	2.356719	1.307044	
248.000000	2.371446	1.306764	
249.000000	2.386261	1.306149	
250.000000	2.401154	1.305197	
251.000000	2.416116	1.303910	
252.000000	2.431139	1.302288	
253.000000	2.446214	1.300330	
254.000000	2.461333	1.298036	
255.000000	2.476486	1.295406	
256.000000	2.491667	1.292440	
257.000000	2.506865	1.289139	
258.000000	2.522073	1.285501	
259.000000	2.537282	1.281528	
260.000000	2.552483	1.277220	
261.000000	2.567669	1.272576	
262.000000	2.582831	1.267597	
263.000000	2.597960	1.262283	
264.000000	2.613047	1.256635	
265.000000	2.628085	1.250654	
266.000000	2.643064	1.244339	
267.000000	2.657977	1.237693	
268.000000	2.672814	1.230715	
269.000000	2.687567	1.223408	
270.000000	2.702227	1.215772	
271.000000	2.716785	1.207809	
272.000000	2.731234	1.199520	
273.000000	2.745564	1.190907	
274.000000	2.759765	1.181973	
275.000000	2.773831	1.172719	
276.000000	2.787752	1.163148	
277.000000	2.801518	1.153263	
278.000000	2.815122	1.143066	
279.000000	2.828555	1.132560	
280.000000	2.841808	1.121749	
281.000000	2.854871	1.110636	
282.000000	2.867738	1.099226	
283.000000	2.880398	1.087521	
284.000000	2.892843	1.075527	
285.000000	2.905065	1.063247	
286.000000	2.917056	1.050687	
287.000000	2.928806	1.037852	
288.000000	2.940308	1.024748	
289.000000	2.951554	1.011379	
290.000000	2.962534	0.997752	
291.000000	2.973243	0.983872	
292.000000	2.983671	0.969748	
293.000000	2.993811	0.955384	
294.000000	3.003656	0.940789	
295.000000	3.013199	0.925969	
296.000000	3.022432	0.910933	
297.000000	3.031349	0.895688	
298.000000	3.039943	0.880243	
299.000000	3.048208	0.864605	
300.000000	3.056139	0.848785	
301.000000	3.063729	0.832790	
302.000000	3.070974	0.816630	
303.000000	3.077869	0.800315	
304.000000	3.084410	0.783854	
305.000000	3.090593	0.767258	
306.000000	3.096415	0.750536	
307.000000	3.101875	0.733700	
308.000000	3.106969	0.716760	
309.000000	3.111699	0.699727	
310.000000	3.116063	0.682612	
311.000000	3.120065	0.665426	
312.000000	3.123707	0.648181	
313.000000	3.126995	0.630887	
314.000000	3.129936	0.613556	
315.000000	3.132541	0.596200	
316.000000	3.134826	0.578828	
317.000000	3.136811	0.561452	
318.000000	3.138525	0.544082	
319.000000	3.140010	0.526725	
320.000000	3.141329	0.509388	
321.000000	3.142578	0.492073	
322.000000	3.143920	0.474776	
323.000000	3.145674	0.457471	
324.000000	3.148639	0.440075	
325.000000	3.157094	0.419050	
326.000000	3.156880	0.389316	
327.000000	3.151367	0.362467	
328.000000	3.143311	0.337898	
329.000000	3.133674	0.315297	
330.000000	3.122975	0.294442	
331.000000	3.111549	0.275156	
332.000000	3.099623	0.257292	
333.000000	3.087365	0.240721	
334.000000	3.074898	0.225334	
335.000000	3.062321	0.211031	
336.000000	3.049706	0.197726	
337.000000	3.037112	0.185340	
338.000000	3.024588	0.173800	
339.000000	3.012168	0.163044	
340.000000	2.999884	0.153011	
341.000000	2.987758	0.143649	
342.000000	2.975808	0.134908	
343.000000	2.964048	0.126743	
344.000000	2.952491	0.119113	
345.000000	2.941143	0.111980	
346.000000	2.930011	0.105308	
347.000000	2.919098	0.099067	
348.000000	2.908407	0.093224	
349.000000	2.897939	0.087754	
350.000000	2.887693	0.082631	
351.000000	2.877670	0.077830	
352.000000	2.867867	0.073331	
353.000000	2.858282	0.069112	
354.000000	2.848911	0.065156	
355.000000	2.839752	0.061444	
356.000000	2.830802	0.057961	
357.000000	2.822056	0.054691	
358.000000	2.813509	0.051620	
359.000000	2.805159	0.048735	
360.000000	2.797000	0.046025	
361.000000	2.789029	0.043478	
362.000000	2.781240	0.041083	
363.000000	2.773629	0.038832	
364.000000	2.766193	0.036713	
365.000000	2.758925	0.034720	
366.000000	2.751822	0.032844	
367.000000	2.744880	0.031078	
368.000000	2.738094	0.029414	
369.000000	2.731460	0.027848	
370.000000	2.724974	0.026372	
371.000000	2.718631	0.024980	
372.000000	2.712428	0.023669	
373.000000	2.706361	0.022432	
374.000000	2.700426	0.021265	
375.000000	2.694619	0.020164	
376.000000	2.688936	0.019126	
377.000000	2.683375	0.018145	
378.000000	2.677932	0.017219	
379.000000	2.672602	0.016345	
380.000000	2.667384	0.015519	
381.000000	2.662274	0.014738	
382.000000	2.657269	0.014000	
383.000000	2.652365	0.013303	
384.000000	2.647561	0.012643	
385.000000	2.642853	0.012019	
386.000000	2.638238	0.011429	
387.000000	2.633715	0.010870	
388.000000	2.629280	0.010341	
389.000000	2.624931	0.009840	
390.000000	2.620666	0.009366	
391.000000	2.616481	0.008917	
392.000000	2.612376	0.008491	
393.000000	2.608348	0.008087	
394.000000	2.604395	0.007705	
395.000000	2.600515	0.007342	
396.000000	2.596706	0.006998	
397.000000	2.592965	0.006672	
398.000000	2.589292	0.006362	
399.000000	2.585684	0.006068	
400.000000	2.582140	0.005789	
401.000000	2.578658	0.005524	
402.000000	2.575237	0.005273	
403.000000	2.571874	0.005034	
404.000000	2.568568	0.004807	
405.000000	2.565319	0.004591	
406.000000	2.562124	0.004386	
407.000000	2.558982	0.004190	
408.000000	2.555892	0.004005	
409.000000	2.552853	0.003828	
410.000000	2.549863	0.003660	
411.000000	2.546921	0.003500	
412.000000	2.544026	0.003348	
413.000000	2.541177	0.003203	
414.000000	2.538372	0.003065	
415.000000	2.535611	0.002934	
416.000000	2.532893	0.002809	
417.000000	2.530216	0.002689	
418.000000	2.527580	0.002576	
419.000000	2.524984	0.002467	
420.000000	2.522427	0.002364	
421.000000	2.519907	0.002265	
422.000000	2.517425	0.002171	
423.000000	2.514978	0.002081	
424.000000	2.512568	0.001996	
425.000000	2.510192	0.001914	
426.000000	2.507849	0.001836	
427.000000	2.505541	0.001762	
428.000000	2.503264	0.001690	
429.000000	2.501019	0.001622	
430.000000	2.498806	0.001557	
431.000000	2.496622	0.001495	
432.000000	2.494469	0.001436	
433.000000	2.492344	0.001379	
434.000000	2.490248	0.001325	
435.000000	2.488181	0.001273	
436.000000	2.486140	0.001224	
437.000000	2.484127	0.001176	
438.000000	2.482139	0.001131	
439.000000	2.480178	0.001087	
440.000000	2.478241	0.001046	
441.000000	2.476330	0.001006	
442.000000	2.474443	0.000968	
443.000000	2.472579	0.000931	
444.000000	2.470739	0.000896	
445.000000	2.468922	0.000862	
446.000000	2.467128	0.000830	
447.000000	2.465355	0.000799	
448.000000	2.463604	0.000770	
449.000000	2.461874	0.000742	
450.000000	2.460166	0.000714	
451.000000	2.458477	0.000688	
452.000000	2.456809	0.000663	
453.000000	2.455160	0.000639	
454.000000	2.453531	0.000616	
455.000000	2.451921	0.000594	
456.000000	2.450329	0.000573	
457.000000	2.448756	0.000553	
458.000000	2.447200	0.000533	
459.000000	2.445663	0.000514	
460.000000	2.444143	0.000496	
461.000000	2.442640	0.000479	
462.000000	2.441154	0.000462	
463.000000	2.439684	0.000446	
464.000000	2.438231	0.000431	
465.000000	2.436793	0.000416	
466.000000	2.435371	0.000402	
467.000000	2.433965	0.000388	
468.000000	2.432574	0.000375	
469.000000	2.431198	0.000362	
470.000000	2.429837	0.000350	
471.000000	2.428490	0.000338	
472.000000	2.427157	0.000327	
473.000000	2.425838	0.000316	
474.000000	2.424533	0.000306	
475.000000	2.423242	0.000296	
476.000000	2.421964	0.000286	
477.000000	2.420699	0.000277	
478.000000	2.419447	0.000268	
479.000000	2.418208	0.000259	
480.000000	2.416981	0.000251	
481.000000	2.415767	0.000243	
482.000000	2.414565	0.000235	
483.000000	2.413375	0.000227	
484.000000	2.412197	0.000220	
485.000000	2.411030	0.000213	
486.000000	2.409875	0.000207	
487.000000	2.408731	0.000200	
488.000000	2.407598	0.000194	
489.000000	2.406476	0.000188	
490.000000	2.405365	0.000182	
491.000000	2.404265	0.000176	
492.000000	2.403175	0.000171	
493.000000	2.402096	0.000166	
494.000000	2.401026	0.000161	
495.000000	2.399967	0.000156	
496.000000	2.398917	0.000151	
497.000000	2.397878	0.000147	
498.000000	2.396848	0.000142	
499.000000	2.395828	0.000138	
500.000000	2.394816	0.000134	
501.000000	2.393815	0.000130	
502.000000	2.392822	0.000126	
503.000000	2.391838	0.000122	
504.000000	2.390863	0.000119	
505.000000	2.389897	0.000115	
506.000000	2.388940	0.000112	
507.000000	2.387991	0.000109	
508.000000	2.387051	0.000106	
509.000000	2.386118	0.000103	
510.000000	2.385194	0.000100	
511.000000	2.384279	0.000097	
512.000000	2.383371	0.000094	
513.000000	2.382471	0.000091	
514.000000	2.381578	0.000089	
515.000000	2.380694	0.000086	
516.000000	2.379817	0.000084	
517.000000	2.378947	0.000082	
518.000000	2.378085	0.000079	
519.000000	2.377230	0.000077	
520.000000	2.376383	0.000075	
521.000000	2.375542	0.000073	
522.000000	2.374709	0.000071	
523.000000	2.373882	0.000069	
524.000000	2.373063	0.000067	
525.000000	2.372250	0.000065	
526.000000	2.371444	0.000064	
527.000000	2.370644	0.000062	
528.000000	2.369851	0.000060	
529.000000	2.369064	0.000059	
530.000000	2.368284	0.000057	
531.000000	2.367510	0.000056	
532.000000	2.366743	0.000054	
533.000000	2.365981	0.000053	
534.000000	2.365226	0.000051	
535.000000	2.364476	0.000050	
536.000000	2.363733	0.000049	
537.000000	2.362995	0.000048	
538.000000	2.362263	0.000046	
539.000000	2.361537	0.000045	
540.000000	2.360817	0.000044	
541.000000	2.360102	0.000043	
542.000000	2.359393	0.000042	
543.000000	2.358689	0.000041	
544.000000	2.357991	0.000040	
545.000000	2.357298	0.000039	
546.000000	2.356610	0.000038	
547.000000	2.355928	0.000037	
548.000000	2.355250	0.000036	
549.000000	2.354578	0.000035	
550.000000	2.353911	0.000034	
551.000000	2.353249	0.000033	
552.000000	2.352592	0.000033	
553.000000	2.351940	0.000032	
554.000000	2.351292	0.000031	
555.000000	2.350650	0.000030	
556.000000	2.350012	0.000029	
557.000000	2.349379	0.000029	
558.000000	2.348750	0.000028	
559.000000	2.348126	0.000027	
560.000000	2.347507	0.000027	
561.000000	2.346892	0.000026	
562.000000	2.346282	0.000026	
563.000000	2.345676	0.000025	
564.000000	2.345074	0.000024	
565.000000	2.344477	0.000024	
566.000000	2.343884	0.000023	
567.000000	2.343295	0.000023	
568.000000	2.342710	0.000022	
569.000000	2.342130	0.000022	
570.000000	2.341554	0.000021	
571.000000	2.340981	0.000021	
572.000000	2.340413	0.000020	
573.000000	2.339849	0.000020	
574.000000	2.339288	0.000019	
575.000000	2.338732	0.000019	
576.000000	2.338179	0.000018	
577.000000	2.337630	0.000018	
578.000000	2.337085	0.000018	
579.000000	2.336544	0.000017	
580.000000	2.336006	0.000017	
581.000000	2.335472	0.000017	
582.000000	2.334942	0.000016	
583.000000	2.334415	0.000016	
584.000000	2.333892	0.000015	
585.000000	2.333372	0.000015	
586.000000	2.332856	0.000015	
587.000000	2.332343	0.000014	
588.000000	2.331834	0.000014	
589.000000	2.331328	0.000014	
590.000000	2.330826	0.000014	
591.000000	2.330326	0.000013	
592.000000	2.329830	0.000013	
593.000000	2.329338	0.000013	
594.000000	2.328848	0.000012	
595.000000	2.328362	0.000012	
596.000000	2.327879	0.000012	
597.000000	2.327399	0.000012	
598.000000	2.326922	0.000011	
599.000000	2.326448	0.000011	
600.000000	2.325978	0.000011	
601.000000	2.325510	0.000011	
602.000000	2.325046	0.000011	
603.000000	2.324584	0.000010	
604.000000	2.324125	0.000010	
605.000000	2.323669	0.000010	
606.000000	2.323217	0.000010	
607.000000	2.322767	0.000010	
608.000000	2.322319	0.000009	
609.000000	2.321875	0.000009	
610.000000	2.321433	0.000009	
611.000000	2.320995	0.000009	
612.000000	2.320559	0.000009	
613.000000	2.320125	0.000008	
614.000000	2.319695	0.000008	
615.000000	2.319266	0.000008	
616.000000	2.318841	0.000008	
617.000000	2.318418	0.000008	
618.000000	2.317998	0.000008	
619.000000	2.317580	0.000008	
620.000000	2.317165	0.000007	
621.000000	2.316753	0.000007	
622.000000	2.316343	0.000007	
623.000000	2.315935	0.000007	
624.000000	2.315531	0.000007	
625.000000	2.315128	0.000007	
626.000000	2.314728	0.000007	
627.000000	2.314330	0.000006	
628.000000	2.313934	0.000006	
629.000000	2.313541	0.000006	
630.000000	2.313151	0.000006	
631.000000	2.312762	0.000006	
632.000000	2.312376	0.000006	
633.000000	2.311992	0.000006	
634.000000	2.311611	0.000006	
635.000000	2.311232	0.000006	
636.000000	2.310854	0.000005	
637.000000	2.310480	0.000005	
638.000000	2.310107	0.000005	
639.000000	2.309736	0.000005	
640.000000	2.309368	0.000005	
641.000000	2.309002	0.000005	
642.000000	2.308638	0.000005	
643.000000	2.308276	0.000005	
644.000000	2.307916	0.000005	
645.000000	2.307558	0.000005	
646.000000	2.307202	0.000005	
647.000000	2.306848	0.000004	
648.000000	2.306497	0.000004	
649.000000	2.306147	0.000004	
650.000000	2.305799	0.000004	
651.000000	2.305453	0.000004	
652.000000	2.305109	0.000004	
653.000000	2.304767	0.000004	
654.000000	2.304427	0.000004	
655.000000	2.304089	0.000004	
656.000000	2.303753	0.000004	
657.000000	2.303419	0.000004	
658.000000	2.303086	0.000004	
659.000000	2.302755	0.000004	
660.000000	2.302427	0.000004	
661.000000	2.302100	0.000004	
662.000000	2.301774	0.000003	
663.000000	2.301451	0.000003	
664.000000	2.301129	0.000003	
665.000000	2.300809	0.000003	
666.000000	2.300491	0.000003	
667.000000	2.300175	0.000003	
668.000000	2.299860	0.000003	
669.000000	2.299547	0.000003	
670.000000	2.299236	0.000003	
671.000000	2.298926	0.000003	
672.000000	2.298618	0.000003	
673.000000	2.298312	0.000003	
674.000000	2.298007	0.000003	
675.000000	2.297704	0.000003	
676.000000	2.297403	0.000003	
677.000000	2.297103	0.000003	
678.000000	2.296805	0.000003	
679.000000	2.296508	0.000003	
680.000000	2.296213	0.000003	
681.000000	2.295920	0.000003	
682.000000	2.295628	0.000002	
683.000000	2.295337	0.000002	
684.000000	2.295048	0.000002	
685.000000	2.294761	0.000002	
686.000000	2.294475	0.000002	
687.000000	2.294191	0.000002	
688.000000	2.293908	0.000002	
689.000000	2.293626	0.000002	
690.000000	2.293346	0.000002	
691.000000	2.293068	0.000002	
692.000000	2.292791	0.000002	
693.000000	2.292515	0.000002	
694.000000	2.292241	0.000002	
695.000000	2.291968	0.000002	
696.000000	2.291696	0.000002	
697.000000	2.291426	0.000002	
698.000000	2.291157	0.000002	
699.000000	2.290890	0.000002	
700.000000	2.290624	0.000002	
701.000000	2.290359	0.000002	
702.000000	2.290096	0.000002	
703.000000	2.289834	0.000002	
704.000000	2.289573	0.000002	
705.000000	2.289314	0.000002	
706.000000	2.289056	0.000002	
707.000000	2.288799	0.000002	
708.000000	2.288543	0.000002	
709.000000	2.288289	0.000002	
710.000000	2.288036	0.000002	
711.000000	2.287784	0.000002	
712.000000	2.287534	0.000002	
713.000000	2.287285	0.000002	
714.000000	2.287037	0.000002	
715.000000	2.286790	0.000002	
716.000000	2.286544	0.000001	
717.000000	2.286300	0.000001	
718.000000	2.286057	0.000001	
719.000000	2.285815	0.000001	
720.000000	2.285574	0.000001	
721.000000	2.285334	0.000001	
722.000000	2.285095	0.000001	
723.000000	2.284858	0.000001	
724.000000	2.284622	0.000001	
725.000000	2.284387	0.000001	
726.000000	2.284153	0.000001	
727.000000	2.283920	0.000001	
728.000000	2.283688	0.000001	
729.000000	2.283458	0.000001	
730.000000	2.283228	0.000001	
731.000000	2.283000	0.000001	
732.000000	2.282772	0.000001	
733.000000	2.282546	0.000001	
734.000000	2.282320	0.000001	
735.000000	2.282096	0.000001	
736.000000	2.281873	0.000001	
737.000000	2.281651	0.000001	
738.000000	2.281430	0.000001	
739.000000	2.281210	0.000001	
740.000000	2.280991	0.000001	
741.000000	2.280773	0.000001	
742.000000	2.280556	0.000001	
743.000000	2.280341	0.000001	
744.000000	2.280126	0.000001	
745.000000	2.279912	0.000001	
746.000000	2.279699	0.000001	
747.000000	2.279487	0.000001	
748.000000	2.279276	0.000001	
749.000000	2.279066	0.000001	
750.000000	2.278857	0.000001	
751.000000	2.278649	0.000001	
752.000000	2.278442	0.000001	
753.000000	2.278235	0.000001	
754.000000	2.278030	0.000001	
755.000000	2.277826	0.000001	
756.000000	2.277622	0.000001	
757.000000	2.277420	0.000001	
758.000000	2.277218	0.000001	
759.000000	2.277018	0.000001	
760.000000	2.276818	0.000001	
761.000000	2.276619	0.000001	
762.000000	2.276421	0.000001	
763.000000	2.276224	0.000001	
764.000000	2.276028	0.000001	
765.000000	2.275832	0.000001	
766.000000	2.275638	0.000001	
767.000000	2.275445	0.000001	
768.000000	2.275252	0.000001	
769.000000	2.275060	0.000001	
770.000000	2.274869	0.000001	
771.000000	2.274678	0.000001	
772.000000	2.274489	0.000001	
773.000000	2.274301	0.000001	
774.000000	2.274113	0.000001	
775.000000	2.273926	0.000001	
776.000000	2.273740	0.000001	
777.000000	2.273555	0.000001	
778.000000	2.273370	0.000001	
779.000000	2.273187	0.000001	
780.000000	2.273004	0.000001	
781.000000	2.272822	0.000001	
782.000000	2.272640	0.000001	
783.000000	2.272460	0.000001	
784.000000	2.272280	0.000001	
785.000000	2.272101	0.000001	
786.000000	2.271923	0.000001	
787.000000	2.271745	0.000001	
788.000000	2.271569	0.000001	
789.000000	2.271393	0.000001	
790.000000	2.271218	0.000001	
791.000000	2.271043	0.000001	
792.000000	2.270870	0.000001	
793.000000	2.270697	0.000001	
794.000000	2.270525	0.000001	
795.000000	2.270353	0.000001	
796.000000	2.270182	0.000001	
797.000000	2.270012	0.000001	
798.000000	2.269843	0.000001	
799.000000	2.269674	0.000001	
800.000000	2.269506	0.000001	
801.000000	2.269339	0.000001	
802.000000	2.269173	0.000000	
803.000000	2.269007	0.000000	
804.000000	2.268842	0.000000	
805.000000	2.268677	0.000000	
806.000000	2.268513	0.000000	
807.000000	2.268350	0.000000	
808.000000	2.268188	0.000000	
809.000000	2.268026	0.000000	
810.000000	2.267865	0.000000	
811.000000	2.267704	0.000000	
812.000000	2.267545	0.000000	
813.000000	2.267385	0.000000	
814.000000	2.267227	0.000000	
815.000000	2.267069	0.000000	
816.000000	2.266912	0.000000	
817.000000	2.266756	0.000000	
818.000000	2.266600	0.000000	
819.000000	2.266444	0.000000	
820.000000	2.266290	0.000000	
821.000000	2.266136	0.000000	
822.000000	2.265982	0.000000	
823.000000	2.265829	0.000000	
824.000000	2.265677	0.000000	
825.000000	2.265526	0.000000	
826.000000	2.265375	0.000000	
827.000000	2.265224	0.000000	
828.000000	2.265074	0.000000	
829.000000	2.264925	0.000000	
830.000000	2.264777	0.000000	
831.000000	2.264629	0.000000	
832.000000	2.264481	0.000000	
833.000000	2.264335	0.000000	
834.000000	2.264188	0.000000	
835.000000	2.264043	0.000000	
836.000000	2.263898	0.000000	
837.000000	2.263753	0.000000	
838.000000	2.263609	0.000000	
839.000000	2.263466	0.000000	
840.000000	2.263323	0.000000	
841.000000	2.263180	0.000000	
842.000000	2.263039	0.000000	
843.000000	2.262898	0.000000	
844.000000	2.262757	0.000000	
845.000000	2.262617	0.000000	
846.000000	2.262477	0.000000	
847.000000	2.262338	0.000000	
848.000000	2.262200	0.000000	
849.000000	2.262062	0.000000	
850.000000	2.261925	0.000000	
851.000000	2.261788	0.000000	
852.000000	2.261651	0.000000	
853.000000	2.261516	0.000000	
854.000000	2.261380	0.000000	
855.000000	2.261245	0.000000	
856.000000	2.261111	0.000000	
857.000000	2.260977	0.000000	
858.000000	2.260844	0.000000	
859.000000	2.260711	0.000000	
860.000000	2.260579	0.000000	
861.000000	2.260447	0.000000	
862.000000	2.260316	0.000000	
863.000000	2.260185	0.000000	
864.000000	2.260055	0.000000	
865.000000	2.259925	0.000000	
866.000000	2.259796	0.000000	
867.000000	2.259667	0.000000	
868.000000	2.259539	0.000000	
869.000000	2.259411	0.000000	
870.000000	2.259284	0.000000	
871.000000	2.259157	0.000000	
872.000000	2.259030	0.000000	
873.000000	2.258904	0.000000	
874.000000	2.258779	0.000000	
875.000000	2.258654	0.000000	
876.000000	2.258529	0.000000	
877.000000	2.258405	0.000000	
878.000000	2.258281	0.000000	
879.000000	2.258158	0.000000	
880.000000	2.258035	0.000000	
881.000000	2.257913	0.000000	
882.000000	2.257791	0.000000	
883.000000	2.257670	0.000000	
884.000000	2.257549	0.000000	
885.000000	2.257428	0.000000	
886.000000	2.257308	0.000000	
887.000000	2.257188	0.000000	
888.000000	2.257069	0.000000	
889.000000	2.256950	0.000000	
890.000000	2.256832	0.000000	
891.000000	2.256714	0.000000	
892.000000	2.256596	0.000000	
893.000000	2.256479	0.000000	
894.000000	2.256363	0.000000	
895.000000	2.256246	0.000000	
896.000000	2.256130	0.000000	
897.000000	2.256015	0.000000	
898.000000	2.255900	0.000000	
899.000000	2.255785	0.000000	
900.000000	2.255671	0.000000	
901.000000	2.255557	0.000000	
902.000000	2.255444	0.000000	
903.000000	2.255331	0.000000	
904.000000	2.255218	0.000000	
905.000000	2.255106	0.000000	
906.000000	2.254994	0.000000	
907.000000	2.254883	0.000000	
908.000000	2.254772	0.000000	
909.000000	2.254661	0.000000	
910.000000	2.254551	0.000000	
911.000000	2.254441	0.000000	
912.000000	2.254331	0.000000	
913.000000	2.254222	0.000000	
914.000000	2.254114	0.000000	
915.000000	2.254005	0.000000	
916.000000	2.253897	0.000000	
917.000000	2.253790	0.000000	
918.000000	2.253682	0.000000	
919.000000	2.253576	0.000000	
920.000000	2.253469	0.000000	
921.000000	2.253363	0.000000	
922.000000	2.253257	0.000000	
923.000000	2.253152	0.000000	
924.000000	2.253047	0.000000	
925.000000	2.252942	0.000000	
926.000000	2.252838	0.000000	
927.000000	2.252734	0.000000	
928.000000	2.252630	0.000000	
929.000000	2.252527	0.000000	
930.000000	2.252424	0.000000	
931.000000	2.252321	0.000000	
932.000000	2.252219	0.000000	
933.000000	2.252117	0.000000	
934.000000	2.252016	0.000000	
935.000000	2.251915	0.000000	
936.000000	2.251814	0.000000	
937.000000	2.251713	0.000000	
938.000000	2.251613	0.000000	
939.000000	2.251513	0.000000	
940.000000	2.251414	0.000000	
941.000000	2.251314	0.000000	
942.000000	2.251215	0.000000	
943.000000	2.251117	0.000000	
944.000000	2.251019	0.000000	
945.000000	2.250921	0.000000	
946.000000	2.250823	0.000000	
947.000000	2.250726	0.000000	
948.000000	2.250629	0.000000	
949.000000	2.250533	0.000000	
950.000000	2.250436	0.000000	
951.000000	2.250340	0.000000	
952.000000	2.250245	0.000000	
953.000000	2.250149	0.000000	
954.000000	2.250054	0.000000	
955.000000	2.249960	0.000000	
956.000000	2.249865	0.000000	
957.000000	2.249771	0.000000	
958.000000	2.249677	0.000000	
959.000000	2.249584	0.000000	
960.000000	2.249491	0.000000	
961.000000	2.249398	0.000000	
962.000000	2.249305	0.000000	
963.000000	2.249213	0.000000	
964.000000	2.249121	0.000000	
965.000000	2.249029	0.000000	
966.000000	2.248938	0.000000	
967.000000	2.248847	0.000000	
968.000000	2.248756	0.000000	
969.000000	2.248666	0.000000	
970.000000	2.248575	0.000000	
971.000000	2.248485	0.000000	
972.000000	2.248396	0.000000	
973.000000	2.248307	0.000000	
974.000000	2.248217	0.000000	
975.000000	2.248129	0.000000	
976.000000	2.248040	0.000000	
977.000000	2.247952	0.000000	
978.000000	2.247864	0.000000	
979.000000	2.247776	0.000000	
980.000000	2.247689	0.000000	
981.000000	2.247602	0.000000	
982.000000	2.247515	0.000000	
983.000000	2.247428	0.000000	
984.000000	2.247342	0.000000	
985.000000	2.247256	0.000000	
986.000000	2.247170	0.000000	
987.000000	2.247085	0.000000	
988.000000	2.246999	0.000000	
989.000000	2.246914	0.000000	
990.000000	2.246830	0.000000	
991.000000	2.246745	0.000000	
992.000000	2.246661	0.000000	
993.000000	2.246577	0.000000	
994.000000	2.246493	0.000000	
995.000000	2.246410	0.000000	
996.000000	2.246327	0.000000	
997.000000	2.246244	0.000000	
998.000000	2.246161	0.000000	
999.000000	2.246079	0.000000	
1000.000000	2.245997	0.000000	
1006.000000	2.245509	0.000000	
1012.000000	2.245030	0.000000	
1018.000000	2.244560	0.000000	
1024.000000	2.244098	0.000000	
1030.000000	2.243644	0.000000	
1036.000000	2.243198	0.000000	
1042.000000	2.242760	0.000000	
1048.000000	2.242330	0.000000	
1054.000000	2.241906	0.000000	
1060.000000	2.241490	0.000000	
1066.000000	2.241081	0.000000	
1072.000000	2.240678	0.000000	
1078.000000	2.240282	0.000000	
1084.000000	2.239893	0.000000	
1090.000000	2.239510	0.000000	
1096.000000	2.239133	0.000000	
1102.000000	2.238762	0.000000	
1108.000000	2.238397	0.000000	
1114.000000	2.238037	0.000000	
1120.000000	2.237683	0.000000	
1126.000000	2.237335	0.000000	
1132.000000	2.236992	0.000000	
1138.000000	2.236654	0.000000	
1144.000000	2.236321	0.000000	
1150.000000	2.235993	0.000000	
1156.000000	2.235670	0.000000	
1162.000000	2.235352	0.000000	
1168.000000	2.235038	0.000000	
1174.000000	2.234729	0.000000	
1180.000000	2.234424	0.000000	
1186.000000	2.234124	0.000000	
1192.000000	2.233828	0.000000	
1198.000000	2.233536	0.000000	
1204.000000	2.233248	0.000000	
1210.000000	2.232964	0.000000	
1216.000000	2.232683	0.000000	
1222.000000	2.232407	0.000000	
1228.000000	2.232134	0.000000	
1234.000000	2.231865	0.000000	
1240.000000	2.231599	0.000000	
1246.000000	2.231337	0.000000	
1252.000000	2.231078	0.000000	
1258.000000	2.230823	0.000000	
1264.000000	2.230571	0.000000	
1270.000000	2.230322	0.000000	
1276.000000	2.230076	0.000000	
1282.000000	2.229833	0.000000	
1288.000000	2.229593	0.000000	
1294.000000	2.229357	0.000000	
1300.000000	2.229122	0.000000	
1306.000000	2.228891	0.000000	
1312.000000	2.228663	0.000000	
1318.000000	2.228437	0.000000	
1324.000000	2.228214	0.000000	
1330.000000	2.227993	0.000000	
1336.000000	2.227775	0.000000	
1342.000000	2.227560	0.000000	
1348.000000	2.227347	0.000000	
1354.000000	2.227136	0.000000	
1360.000000	2.226928	0.000000	
1366.000000	2.226722	0.000000	
1372.000000	2.226518	0.000000	
1378.000000	2.226316	0.000000	
1384.000000	2.226117	0.000000	
1390.000000	2.225919	0.000000	
1396.000000	2.225724	0.000000	
1402.000000	2.225531	0.000000	
1408.000000	2.225340	0.000000	
1414.000000	2.225151	0.000000	
1420.000000	2.224963	0.000000	
1426.000000	2.224778	0.000000	
1432.000000	2.224595	0.000000	
1438.000000	2.224413	0.000000	
1444.000000	2.224233	0.000000	
1450.000000	2.224055	0.000000	
1456.000000	2.223878	0.000000	
1462.000000	2.223704	0.000000	
1468.000000	2.223531	0.000000	
1474.000000	2.223359	0.000000	
1480.000000	2.223189	0.000000	
1486.000000	2.223021	0.000000	
1492.000000	2.222854	0.000000	
1498.000000	2.222689	0.000000	
1504.000000	2.222525	0.000000	
1510.000000	2.222363	0.000000	
1516.000000	2.222202	0.000000	
1522.000000	2.222043	0.000000	
1528.000000	2.221884	0.000000	
1534.000000	2.221728	0.000000	
1540.000000	2.221572	0.000000	
1546.000000	2.221418	0.000000	
1552.000000	2.221265	0.000000	
1558.000000	2.221114	0.000000	
1564.000000	2.220963	0.000000	
1570.000000	2.220814	0.000000	
1576.000000	2.220667	0.000000	
1582.000000	2.220520	0.000000	
1588.000000	2.220374	0.000000	
1594.000000	2.220230	0.000000	
1600.000000	2.220087	0.000000	
1606.000000	2.219944	0.000000	
1612.000000	2.219803	0.000000	
1618.000000	2.219663	0.000000	
1624.000000	2.219524	0.000000	
1630.000000	2.219386	0.000000	
1636.000000	2.219249	0.000000	
1642.000000	2.219113	0.000000	
1648.000000	2.218978	0.000000	
1654.000000	2.218844	0.000000	
1660.000000	2.218711	0.000000	
1666.000000	2.218579	0.000000	
1672.000000	2.218447	0.000000	
1678.000000	2.218317	0.000000	
1684.000000	2.218187	0.000000	
1690.000000	2.218058	0.000000	
1696.000000	2.217931	0.000000	
1702.000000	2.217803	0.000000	
1708.000000	2.217677	0.000000	
1714.000000	2.217552	0.000000	
1720.000000	2.217427	0.000000	
1726.000000	2.217303	0.000000	
1732.000000	2.217180	0.000000	
1738.000000	2.217058	0.000000	
1744.000000	2.216936	0.000000	
1750.000000	2.216815	0.000000	
1756.000000	2.216695	0.000000	
1762.000000	2.216576	0.000000	
1768.000000	2.216457	0.000000	
1774.000000	2.216339	0.000000	
1780.000000	2.216222	0.000000	
1786.000000	2.216105	0.000000	
1792.000000	2.215989	0.000000	
1798.000000	2.215873	0.000000	
1804.000000	2.215758	0.000000	
1810.000000	2.215644	0.000000	
1816.000000	2.215530	0.000000	
1822.000000	2.215417	0.000000	
1828.000000	2.215305	0.000000	
1834.000000	2.215193	0.000000	
1840.000000	2.215081	0.000000	
1846.000000	2.214971	0.000000	
1852.000000	2.214860	0.000000	
1858.000000	2.214751	0.000000	
1864.000000	2.214641	0.000000	
1870.000000	2.214533	0.000000	
1876.000000	2.214425	0.000000	
1882.000000	2.214317	0.000000	
1888.000000	2.214210	0.000000	
1894.000000	2.214103	0.000000	
1900.000000	2.213997	0.000000	
1906.000000	2.213891	0.000000	
1912.000000	2.213786	0.000000	
1918.000000	2.213681	0.000000	
1924.000000	2.213577	0.000000	
1930.000000	2.213473	0.000000	
1936.000000	2.213369	0.000000	
1942.000000	2.213266	0.000000	
1948.000000	2.213163	0.000000	
1954.000000	2.213061	0.000000	
1960.000000	2.212959	0.000000	
1966.000000	2.212858	0.000000	
1972.000000	2.212757	0.000000	
1978.000000	2.212656	0.000000	
1984.000000	2.212556	0.000000	
1990.000000	2.212456	0.000000	
1996.000000	2.212356	0.000000	
2002.000000	2.212257	0.000000	
2008.000000	2.212158	0.000000	
2014.000000	2.212059	0.000000	
2020.000000	2.211961	0.000000	
2026.000000	2.211863	0.000000	
2032.000000	2.211766	0.000000	
2038.000000	2.211668	0.000000	
2044.000000	2.211572	0.000000	
2050.000000	2.211475	0.000000	
2056.000000	2.211379	0.000000	
2062.000000	2.211283	0.000000	
2068.000000	2.211187	0.000000	
2074.000000	2.211092	0.000000	
2080.000000	2.210997	0.000000	
2086.000000	2.210902	0.000000	
2092.000000	2.210807	0.000000	
2098.000000	2.210713	0.000000	
2104.000000	2.210619	0.000000	
2110.000000	2.210525	0.000000	
2116.000000	2.210432	0.000000	
2122.000000	2.210338	0.000000	
2128.000000	2.210245	0.000000	
2134.000000	2.210153	0.000000	
2140.000000	2.210060	0.000000	
2146.000000	2.209968	0.000000	
2152.000000	2.209876	0.000000	
2158.000000	2.209784	0.000000	
2164.000000	2.209692	0.000000	
2170.000000	2.209601	0.000000	
2176.000000	2.209510	0.000000	
2182.000000	2.209419	0.000000	
2188.000000	2.209328	0.000000	
2194.000000	2.209238	0.000000	
2200.000000	2.209147	0.000000	
2206.000000	2.209057	0.000000	
2212.000000	2.208967	0.000000	
2218.000000	2.208877	0.000000	
2224.000000	2.208787	0.000000	
2230.000000	2.208698	0.000000	
2236.000000	2.208609	0.000000	
2242.000000	2.208520	0.000000	
2248.000000	2.208431	0.000000	
2254.000000	2.208342	0.000000	
2260.000000	2.208254	0.000000	
2266.000000	2.208165	0.000000	
2272.000000	2.208077	0.000000	
2278.000000	2.207989	0.000000	
2284.000000	2.207901	0.000000	
2290.000000	2.207813	0.000000	
2296.000000	2.207725	0.000000	
2302.000000	2.207638	0.000000	
2308.000000	2.207550	0.000000	
2314.000000	2.207463	0.000000	
2320.000000	2.207376	0.000000	
2326.000000	2.207289	0.000000	
2332.000000	2.207202	0.000000	
2338.000000	2.207115	0.000000	
2344.000000	2.207029	0.000000	
2350.000000	2.206942	0.000000	
2356.000000	2.206856	0.000000	
2362.000000	2.206769	0.000000	
2368.000000	2.206683	0.000000	
2374.000000	2.206597	0.000000	
2380.000000	2.206511	0.000000	
2386.000000	2.206425	0.000000	
2392.000000	2.206340	0.000000	
2398.000000	2.206254	0.000000	
2404.000000	2.206168	0.000000	
2410.000000	2.206083	0.000000	
2416.000000	2.205998	0.000000	
2422.000000	2.205912	0.000000	
2428.000000	2.205827	0.000000	
2434.000000	2.205742	0.000000	
2440.000000	2.205657	0.000000	
2446.000000	2.205572	0.000000	
2452.000000	2.205487	0.000000	
2458.000000	2.205402	0.000000	
2464.000000	2.205318	0.000000	
2470.000000	2.205233	0.000000	
2476.000000	2.205148	0.000000	
2482.000000	2.205064	0.000000	
2488.000000	2.204979	0.000000	
2494.000000	2.204895	0.000000	
2500.000000	2.204811	0.000000	
